# Matter power spectrum P(k) at redshift z=0
# for k=1.04978e-05 to 1.07687 h/Mpc,
# number of wavenumbers equal to 112
#    1:k (h/Mpc)              2:P (Mpc/h)^3        
       1.049778561929e-05       4.510447546163e+01 
       1.321592908369e-05       5.652962480131e+01 
       1.663786896393e-05       7.242315658848e+01 
       2.094583603679e-05       9.321486167217e+01 
       2.636924525799e-05       1.146931365775e+02 
       3.319691294512e-05       1.437085673864e+02 
       4.179243729973e-05       1.791533232510e+02 
       5.261356133744e-05       2.242815299186e+02 
       6.623654937270e-05       2.803572591366e+02 
       8.338687519485e-05       3.501252519982e+02 
       1.049778561929e-04       4.373342668206e+02 
       1.321592908369e-04       5.461910970396e+02 
       1.663786896393e-04       6.820612973478e+02 
       2.094583603679e-04       8.516380400143e+02 
       2.636924525799e-04       1.063206577528e+03 
       3.319691294512e-04       1.326856162717e+03 
       4.179243729973e-04       1.655103851999e+03 
       5.261356133744e-04       2.063037958121e+03 
       6.623654937270e-04       2.568772183996e+03 
       8.338687519485e-04       3.193659002644e+03 
       1.049778561929e-03       3.962288557210e+03 
       1.321592908369e-03       4.901923158609e+03 
       1.663786896393e-03       6.040845098563e+03 
       2.094583603679e-03       7.406019208064e+03 
       2.636924525799e-03       9.018390411899e+03 
       3.319691294512e-03       1.088688362114e+04 
       4.179243729973e-03       1.300004243816e+04 
       5.261356133744e-03       1.531490969499e+04 
       6.623654937270e-03       1.774301604832e+04 
       8.338687519485e-03       2.013563162292e+04 
       1.049778561929e-02       2.226795256386e+04 
       1.321592908369e-02       2.383057159661e+04 
       1.663786896390e-02       2.444697813420e+04 
       2.094583587082e-02       2.374674942637e+04 
       2.636911872837e-02       2.155214326406e+04 
       3.317937869056e-02       1.819471117790e+04 
       4.120829406624e-02       1.482772056201e+04 
       4.798444742424e-02       1.289813522739e+04 
       5.289746506074e-02       1.195237498809e+04 
       5.694780992335e-02       1.136474642913e+04 
       6.056364813182e-02       1.092238159197e+04 
       6.393573213032e-02       1.053601743482e+04 
       6.716497467566e-02       1.016058872097e+04 
       7.031186225901e-02       9.771896940175e+03 
       7.341611559804e-02       9.358195742117e+03 
       7.650572248419e-02       8.916446508189e+03 
       7.960156020378e-02       8.450185214746e+03 
       8.271996349867e-02       7.967884631228e+03 
       8.587424589942e-02       7.481403524656e+03 
       8.907564861756e-02       7.004399332717e+03 
       9.233395774559e-02       6.550672506965e+03 
       9.565791982369e-02       6.132641467227e+03 
       9.905552975330e-02       5.760005784363e+03 
       1.025342350127e-01       5.438703467575e+03 
       1.061010832874e-01       5.170334594110e+03 
       1.097628307978e-01       4.951844942194e+03 
       1.135260226708e-01       4.775624224894e+03 
       1.173970530133e-01       4.630002149488e+03 
       1.213822100006e-01       4.500272550700e+03 
       1.254877097673e-01       4.370390785370e+03 
       1.297197218884e-01       4.225456498047e+03 
       1.340843885724e-01       4.054585218290e+03 
       1.385878392441e-01       3.853530132801e+03 
       1.432362019019e-01       3.626040218904e+03 
       1.480356124401e-01       3.383267654358e+03 
       1.529922229991e-01       3.141177430424e+03 
       1.581122103294e-01       2.916605350896e+03 
       1.634017851034e-01       2.723052632428e+03 
       1.688672030761e-01       2.567280967676e+03 
       1.745147789810e-01       2.447603655442e+03 
       1.803509040273e-01       2.354219380067e+03 
       1.863820678626e-01       2.272516920595e+03 
       1.926148858558e-01       2.185420234351e+03 
       1.990561325600e-01       2.080135737253e+03 
       2.057127822296e-01       1.954546824620e+03 
       2.125920572962e-01       1.816920124355e+03 
       2.197014857678e-01       1.681663512908e+03 
       2.270489686135e-01       1.562542936995e+03 
       2.346428583438e-01       1.466801643114e+03 
       2.424920502145e-01       1.392506618485e+03 
       2.506060877896e-01       1.329819207101e+03 
       2.589952850160e-01       1.266074031769e+03 
       2.676708675354e-01       1.192872050948e+03 
       2.766451367073e-01       1.111130007293e+03 
       2.859316608238e-01       1.029756547695e+03 
       2.955454993155e-01       9.584710430513e+02 
       3.055034675027e-01       9.005687701854e+02 
       3.158244517782e-01       8.513108878116e+02 
       3.265297882407e-01       8.026389789434e+02 
       3.376437220498e-01       7.501211421015e+02 
       3.491939705992e-01       6.962009712592e+02 
       3.612124217144e-01       6.467310776457e+02 
       3.737360095167e-01       6.043351812192e+02 
       3.868078269858e-01       5.659973391996e+02 
       4.004785581499e-01       5.275424966499e+02 
       4.148083483167e-01       4.887671459225e+02 
       4.298692845408e-01       4.524257998146e+02 
       4.457487418382e-01       4.196943866934e+02 
       4.625539829387e-01       3.888161094850e+02 
       4.804186151397e-01       3.582075092147e+02 
       4.995118705875e-01       3.289936064248e+02 
       5.200523072474e-01       3.019421290210e+02 
       5.423286679377e-01       2.756752041535e+02 
       5.667327863085e-01       2.502443952787e+02 
       5.938136937877e-01       2.259915295692e+02 
       6.243710236877e-01       2.022528007241e+02 
       6.596257769879e-01       1.790832651731e+02 
       7.015542815944e-01       1.560855442529e+02 
       7.535934250155e-01       1.329781219940e+02 
       8.222500464495e-01       1.092708009831e+02 
       9.209038690122e-01       8.451967300619e+01 
       1.076873221064e+00       5.909467608141e+01 
