# dimensionless total [l(l+1)/2pi] C_l's
# for l=2 to 2500, i.e. number of multipoles equal to 2499
#
# -> if you prefer output in CAMB/HealPix/LensPix units/order, set 'format' to 'camb' in input file
# -> if you don't want to see such a header, set 'headers' to 'no' in input file
#
# 1:l     2:TT                 
    2       1.370240057203e-10 
    3       1.297731837746e-10 
    4       1.228969207227e-10 
    5       1.177496251549e-10 
    6       1.142325935162e-10 
    7       1.119829311404e-10 
    8       1.107013569421e-10 
    9       1.101398660896e-10 
   10       1.100956030934e-10 
   11       1.104811290461e-10 
   12       1.111870472711e-10 
   13       1.121413937487e-10 
   14       1.132725795335e-10 
   15       1.145890727974e-10 
   16       1.160555217973e-10 
   17       1.176328107536e-10 
   18       1.192970665163e-10 
   19       1.210604538058e-10 
   20       1.228923004120e-10 
   21       1.248025354703e-10 
   22       1.267819943536e-10 
   23       1.288249364710e-10 
   24       1.309088161430e-10 
   25       1.330492627536e-10 
   26       1.352548454648e-10 
   27       1.375085848243e-10 
   28       1.397784056045e-10 
   29       1.420739034398e-10 
   30       1.444080053597e-10 
   31       1.467832610843e-10 
   32       1.492017400525e-10 
   33       1.516561346954e-10 
   34       1.541329147199e-10 
   35       1.566374749734e-10 
   36       1.591761395550e-10 
   37       1.617501816546e-10 
   38       1.643607163479e-10 
   39       1.670042344489e-10 
   40       1.696704507096e-10 
   41       1.723473016196e-10 
   42       1.750394762914e-10 
   43       1.777548111958e-10 
   44       1.804988915499e-10 
   45       1.832750363726e-10 
   46       1.860848830479e-10 
   47       1.889275193473e-10 
   48       1.917989961085e-10 
   49       1.946920725366e-10 
   50       1.975992309454e-10 
   51       2.005232766007e-10 
   52       2.034691748225e-10 
   53       2.064409345642e-10 
   54       2.094415075695e-10 
   55       2.124728656878e-10 
   56       2.155364863313e-10 
   57       2.186328109819e-10 
   58       2.217609857416e-10 
   59       2.249187674311e-10 
   60       2.281024296882e-10 
   61       2.313082523970e-10 
   62       2.345375930801e-10 
   63       2.377927923852e-10 
   64       2.410756484040e-10 
   65       2.443873730080e-10 
   66       2.477285481853e-10 
   67       2.510990823767e-10 
   68       2.544986810980e-10 
   69       2.579284671431e-10 
   70       2.613896117456e-10 
   71       2.648828193773e-10 
   72       2.684082972368e-10 
   73       2.719657247399e-10 
   74       2.755542230082e-10 
   75       2.791723243590e-10 
   76       2.828186050585e-10 
   77       2.864937842368e-10 
   78       2.901989540672e-10 
   79       2.939349338204e-10 
   80       2.977022529553e-10 
   81       3.015011342092e-10 
   82       3.053314766876e-10 
   83       3.091928389545e-10 
   84       3.130847370479e-10 
   85       3.170076323300e-10 
   86       3.209620771593e-10 
   87       3.249484030812e-10 
   88       3.289667092102e-10 
   89       3.330168506138e-10 
   90       3.370984266946e-10 
   91       3.412107695743e-10 
   92       3.453529324761e-10 
   93       3.495240016731e-10 
   94       3.537241112339e-10 
   95       3.579535601262e-10 
   96       3.622124951711e-10 
   97       3.665009038679e-10 
   98       3.708186072182e-10 
   99       3.751652525508e-10 
  100       3.795403063463e-10 
  101       3.839430470612e-10 
  102       3.883725579534e-10 
  103       3.928277199059e-10 
  104       3.973074640989e-10 
  105       4.018115843536e-10 
  106       4.063400216575e-10 
  107       4.108926098494e-10 
  108       4.154690712991e-10 
  109       4.200690125871e-10 
  110       4.246919201851e-10 
  111       4.293371561361e-10 
  112       4.340039537338e-10 
  113       4.386914132034e-10 
  114       4.433984973811e-10 
  115       4.481240273944e-10 
  116       4.528668545053e-10 
  117       4.576264085778e-10 
  118       4.624022084918e-10 
  119       4.671936892142e-10 
  120       4.720001990368e-10 
  121       4.768209968137e-10 
  122       4.816552491989e-10 
  123       4.865020278842e-10 
  124       4.913603068364e-10 
  125       4.962289595354e-10 
  126       5.011067562114e-10 
  127       5.059923610829e-10 
  128       5.108843295940e-10 
  129       5.157812665701e-10 
  130       5.206823261671e-10 
  131       5.255867618026e-10 
  132       5.304937685584e-10 
  133       5.354024815705e-10 
  134       5.403119744175e-10 
  135       5.452212575102e-10 
  136       5.501292764802e-10 
  137       5.550349105695e-10 
  138       5.599369710193e-10 
  139       5.648341994591e-10 
  140       5.697252662960e-10 
  141       5.746087691036e-10 
  142       5.794832310110e-10 
  143       5.843470990923e-10 
  144       5.891988717069e-10 
  145       5.940374980721e-10 
  146       5.988620152041e-10 
  147       6.036714216419e-10 
  148       6.084646765770e-10 
  149       6.132406989842e-10 
  150       6.179983667513e-10 
  151       6.227365158093e-10 
  152       6.274539392630e-10 
  153       6.321493865209e-10 
  154       6.368215624254e-10 
  155       6.414691263831e-10 
  156       6.460906914949e-10 
  157       6.506848236864e-10 
  158       6.552500408378e-10 
  159       6.597848119142e-10 
  160       6.642875560960e-10 
  161       6.687567524036e-10 
  162       6.731912812922e-10 
  163       6.775901117438e-10 
  164       6.819521931304e-10 
  165       6.862764548527e-10 
  166       6.905618059787e-10 
  167       6.948071348824e-10 
  168       6.990113088822e-10 
  169       7.031731738794e-10 
  170       7.072915539970e-10 
  171       7.113652512181e-10 
  172       7.153930450246e-10 
  173       7.193736920356e-10 
  174       7.233059256461e-10 
  175       7.271884556655e-10 
  176       7.310199679563e-10 
  177       7.347991240725e-10 
  178       7.385245608983e-10 
  179       7.421948902864e-10 
  180       7.458087885986e-10 
  181       7.493652740395e-10 
  182       7.528634507246e-10 
  183       7.563024207296e-10 
  184       7.596812840603e-10 
  185       7.629991386223e-10 
  186       7.662550801904e-10 
  187       7.694482023785e-10 
  188       7.725775966095e-10 
  189       7.756423520845e-10 
  190       7.786415557531e-10 
  191       7.815742922826e-10 
  192       7.844396440279e-10 
  193       7.872366910012e-10 
  194       7.899645108418e-10 
  195       7.926221787855e-10 
  196       7.952087676346e-10 
  197       7.977233477275e-10 
  198       8.001649869083e-10 
  199       8.025327504967e-10 
  200       8.048257012574e-10 
  201       8.070429627261e-10 
  202       8.091839142909e-10 
  203       8.112480100032e-10 
  204       8.132347166304e-10 
  205       8.151435138129e-10 
  206       8.169738942209e-10 
  207       8.187253637112e-10 
  208       8.203974414846e-10 
  209       8.219896602424e-10 
  210       8.235015663436e-10 
  211       8.249327199617e-10 
  212       8.262826952418e-10 
  213       8.275510804574e-10 
  214       8.287374781675e-10 
  215       8.298415053735e-10 
  216       8.308627936759e-10 
  217       8.318009894318e-10 
  218       8.326557539112e-10 
  219       8.334267634544e-10 
  220       8.341137096290e-10 
  221       8.347162993863e-10 
  222       8.352342552189e-10 
  223       8.356673153172e-10 
  224       8.360152633367e-10 
  225       8.362780195005e-10 
  226       8.364555556586e-10 
  227       8.365478664305e-10 
  228       8.365549694325e-10 
  229       8.364769055057e-10 
  230       8.363137389426e-10 
  231       8.360655577151e-10 
  232       8.357324737020e-10 
  233       8.353146229162e-10 
  234       8.348121657321e-10 
  235       8.342252871134e-10 
  236       8.335541968402e-10 
  237       8.327991297366e-10 
  238       8.319603458982e-10 
  239       8.310381309193e-10 
  240       8.300327961208e-10 
  241       8.289446787772e-10 
  242       8.277741423443e-10 
  243       8.265215766864e-10 
  244       8.251873983042e-10 
  245       8.237720505619e-10 
  246       8.222760039146e-10 
  247       8.206997561359e-10 
  248       8.190438325455e-10 
  249       8.173087862362e-10 
  250       8.154951865612e-10 
  251       8.136035833877e-10 
  252       8.116345412212e-10 
  253       8.095886509651e-10 
  254       8.074665301252e-10 
  255       8.052688230146e-10 
  256       8.029962009593e-10 
  257       8.006493625024e-10 
  258       7.982290336098e-10 
  259       7.957359678747e-10 
  260       7.931709467231e-10 
  261       7.905347796183e-10 
  262       7.878283042659e-10 
  263       7.850523868193e-10 
  264       7.822079220844e-10 
  265       7.792958337243e-10 
  266       7.763170744648e-10 
  267       7.732726262992e-10 
  268       7.701635006932e-10 
  269       7.669907387899e-10 
  270       7.637554116150e-10 
  271       7.604586202817e-10 
  272       7.571014961954e-10 
  273       7.536852012593e-10 
  274       7.502109280788e-10 
  275       7.466799001669e-10 
  276       7.430933721490e-10 
  277       7.394526299680e-10 
  278       7.357589910892e-10 
  279       7.320137408993e-10 
  280       7.282179378351e-10 
  281       7.243725985578e-10 
  282       7.204787609569e-10 
  283       7.165374842564e-10 
  284       7.125498491223e-10 
  285       7.085169577694e-10 
  286       7.044399340683e-10 
  287       7.003199236522e-10 
  288       6.961580940244e-10 
  289       6.919556346646e-10 
  290       6.877137571365e-10 
  291       6.834336951944e-10 
  292       6.791167048903e-10 
  293       6.747640646809e-10 
  294       6.703770755346e-10 
  295       6.659570610385e-10 
  296       6.615053675053e-10 
  297       6.570233640802e-10 
  298       6.525124428482e-10 
  299       6.479740189408e-10 
  300       6.434095306432e-10 
  301       6.388204395010e-10 
  302       6.342082304274e-10 
  303       6.295744118102e-10 
  304       6.249205156187e-10 
  305       6.202480975106e-10 
  306       6.155587369394e-10 
  307       6.108540372607e-10 
  308       6.061356258397e-10 
  309       6.014051541581e-10 
  310       5.966642979211e-10 
  311       5.919147571640e-10 
  312       5.871581496271e-10 
  313       5.823956851899e-10 
  314       5.776284765397e-10 
  315       5.728576445178e-10 
  316       5.680843180959e-10 
  317       5.633096343515e-10 
  318       5.585347384439e-10 
  319       5.537607835901e-10 
  320       5.489889310405e-10 
  321       5.442203500549e-10 
  322       5.394562178780e-10 
  323       5.346977197158e-10 
  324       5.299460487107e-10 
  325       5.252024059180e-10 
  326       5.204680002812e-10 
  327       5.157440486084e-10 
  328       5.110317755475e-10 
  329       5.063324135624e-10 
  330       5.016472029090e-10 
  331       4.969773916106e-10 
  332       4.923242354339e-10 
  333       4.876889978649e-10 
  334       4.830729500848e-10 
  335       4.784773709456e-10 
  336       4.739035469461e-10 
  337       4.693527722078e-10 
  338       4.648263484504e-10 
  339       4.603255849681e-10 
  340       4.558517986049e-10 
  341       4.514063137308e-10 
  342       4.469904622179e-10 
  343       4.426055834153e-10 
  344       4.382530241258e-10 
  345       4.339341385816e-10 
  346       4.296502884197e-10 
  347       4.254028426580e-10 
  348       4.211931776713e-10 
  349       4.170225693192e-10 
  350       4.128918644348e-10 
  351       4.088017956432e-10 
  352       4.047530878482e-10 
  353       4.007464581026e-10 
  354       3.967826154775e-10 
  355       3.928622609325e-10 
  356       3.889860871856e-10 
  357       3.851547785830e-10 
  358       3.813690109689e-10 
  359       3.776294515558e-10 
  360       3.739367587936e-10 
  361       3.702915822404e-10 
  362       3.666945624315e-10 
  363       3.631463307500e-10 
  364       3.596475092964e-10 
  365       3.561987107582e-10 
  366       3.528005382804e-10 
  367       3.494535853347e-10 
  368       3.461584355901e-10 
  369       3.429156627819e-10 
  370       3.397258305827e-10 
  371       3.365894924710e-10 
  372       3.335071916023e-10 
  373       3.304794606781e-10 
  374       3.275068218162e-10 
  375       3.245897864205e-10 
  376       3.217288550508e-10 
  377       3.189245172929e-10 
  378       3.161772516283e-10 
  379       3.134875253039e-10 
  380       3.108557942024e-10 
  381       3.082825027117e-10 
  382       3.057680835950e-10 
  383       3.033129578606e-10 
  384       3.009175346318e-10 
  385       2.985822110171e-10 
  386       2.963073719794e-10 
  387       2.940933902064e-10 
  388       2.919405815148e-10 
  389       2.898490694893e-10 
  390       2.878189155249e-10 
  391       2.858501626703e-10 
  392       2.839428354627e-10 
  393       2.820969397619e-10 
  394       2.803124625854e-10 
  395       2.785893719422e-10 
  396       2.769276166682e-10 
  397       2.753271262599e-10 
  398       2.737878107095e-10 
  399       2.723095603392e-10 
  400       2.708922456356e-10 
  401       2.695357170846e-10 
  402       2.682398050055e-10 
  403       2.670043193860e-10 
  404       2.658290497162e-10 
  405       2.647137648236e-10 
  406       2.636582127073e-10 
  407       2.626621203727e-10 
  408       2.617251936660e-10 
  409       2.608471171087e-10 
  410       2.600275537322e-10 
  411       2.592661449122e-10 
  412       2.585625102032e-10 
  413       2.579162471733e-10 
  414       2.573269312386e-10 
  415       2.567941154976e-10 
  416       2.563173305656e-10 
  417       2.558960844098e-10 
  418       2.555298621833e-10 
  419       2.552181260599e-10 
  420       2.549603150683e-10 
  421       2.547558449271e-10 
  422       2.546041078791e-10 
  423       2.545044725255e-10 
  424       2.544562836612e-10 
  425       2.544588621085e-10 
  426       2.545115045521e-10 
  427       2.546135293706e-10 
  428       2.547644161847e-10 
  429       2.549636707312e-10 
  430       2.552107791602e-10 
  431       2.555052078999e-10 
  432       2.558464035212e-10 
  433       2.562337926027e-10 
  434       2.566667815949e-10 
  435       2.571447566856e-10 
  436       2.576670836640e-10 
  437       2.582331077859e-10 
  438       2.588421536383e-10 
  439       2.594935250039e-10 
  440       2.601865047261e-10 
  441       2.609203545738e-10 
  442       2.616943151059e-10 
  443       2.625076055359e-10 
  444       2.633594235970e-10 
  445       2.642489454069e-10 
  446       2.651753253319e-10 
  447       2.661376958523e-10 
  448       2.671351674268e-10 
  449       2.681668283573e-10 
  450       2.692317446535e-10 
  451       2.703289598980e-10 
  452       2.714574951107e-10 
  453       2.726163486135e-10 
  454       2.738044958953e-10 
  455       2.750208894765e-10 
  456       2.762644587738e-10 
  457       2.775341099650e-10 
  458       2.788287258538e-10 
  459       2.801471657341e-10 
  460       2.814882652553e-10 
  461       2.828508362867e-10 
  462       2.842336667822e-10 
  463       2.856355206452e-10 
  464       2.870551375934e-10 
  465       2.884912330231e-10 
  466       2.899426156025e-10 
  467       2.914085443616e-10 
  468       2.928883824768e-10 
  469       2.943814804796e-10 
  470       2.958871761863e-10 
  471       2.974047946278e-10 
  472       2.989336479789e-10 
  473       3.004730354884e-10 
  474       3.020222434085e-10 
  475       3.035805449242e-10 
  476       3.051472000836e-10 
  477       3.067214557269e-10 
  478       3.083025454164e-10 
  479       3.098896893661e-10 
  480       3.114820943712e-10 
  481       3.130789537379e-10 
  482       3.146794472131e-10 
  483       3.162827409137e-10 
  484       3.178879872569e-10 
  485       3.194943248891e-10 
  486       3.211008786161e-10 
  487       3.227067593323e-10 
  488       3.243110639509e-10 
  489       3.259128753330e-10 
  490       3.275112622176e-10 
  491       3.291052791511e-10 
  492       3.306939664170e-10 
  493       3.322763499656e-10 
  494       3.338514413433e-10 
  495       3.354182376230e-10 
  496       3.369757213328e-10 
  497       3.385228603864e-10 
  498       3.400586080124e-10 
  499       3.415819026840e-10 
  500       3.430916680487e-10 
  501       3.445868128579e-10 
  502       3.460662308965e-10 
  503       3.475288009127e-10 
  504       3.489733865475e-10 
  505       3.503989714400e-10 
  506       3.518050689661e-10 
  507       3.531913241654e-10 
  508       3.545573796261e-10 
  509       3.559028754783e-10 
  510       3.572274493868e-10 
  511       3.585307365449e-10 
  512       3.598123696666e-10 
  513       3.610719789806e-10 
  514       3.623091922229e-10 
  515       3.635236346301e-10 
  516       3.647149289326e-10 
  517       3.658826953474e-10 
  518       3.670265515716e-10 
  519       3.681461127756e-10 
  520       3.692409915957e-10 
  521       3.703107981278e-10 
  522       3.713551399200e-10 
  523       3.723736219662e-10 
  524       3.733658466991e-10 
  525       3.743314139831e-10 
  526       3.752699211076e-10 
  527       3.761809627803e-10 
  528       3.770641311199e-10 
  529       3.779190156496e-10 
  530       3.787452032901e-10 
  531       3.795422783527e-10 
  532       3.803098225325e-10 
  533       3.810474149015e-10 
  534       3.817546319016e-10 
  535       3.824310473379e-10 
  536       3.830762323718e-10 
  537       3.836897555142e-10 
  538       3.842711826182e-10 
  539       3.848200768729e-10 
  540       3.853359987959e-10 
  541       3.858185062270e-10 
  542       3.862671543208e-10 
  543       3.866814955402e-10 
  544       3.870611732676e-10 
  545       3.874062054071e-10 
  546       3.877167083577e-10 
  547       3.879928041125e-10 
  548       3.882346202900e-10 
  549       3.884422901648e-10 
  550       3.886159526987e-10 
  551       3.887557525718e-10 
  552       3.888618402134e-10 
  553       3.889343718332e-10 
  554       3.889735094522e-10 
  555       3.889794209336e-10 
  556       3.889522800140e-10 
  557       3.888922663345e-10 
  558       3.887995654715e-10 
  559       3.886743689678e-10 
  560       3.885168743635e-10 
  561       3.883272852274e-10 
  562       3.881058111877e-10 
  563       3.878526679630e-10 
  564       3.875680773934e-10 
  565       3.872522674716e-10 
  566       3.869054723738e-10 
  567       3.865279324910e-10 
  568       3.861198944593e-10 
  569       3.856816111919e-10 
  570       3.852133419094e-10 
  571       3.847153521710e-10 
  572       3.841879139058e-10 
  573       3.836313054432e-10 
  574       3.830458115447e-10 
  575       3.824317234344e-10 
  576       3.817893388300e-10 
  577       3.811189619742e-10 
  578       3.804209036653e-10 
  579       3.796954812886e-10 
  580       3.789430188469e-10 
  581       3.781638469923e-10 
  582       3.773583030563e-10 
  583       3.765267481122e-10 
  584       3.756696185640e-10 
  585       3.747873759076e-10 
  586       3.738804898528e-10 
  587       3.729494383616e-10 
  588       3.719947076840e-10 
  589       3.710167923959e-10 
  590       3.700161954358e-10 
  591       3.689934281417e-10 
  592       3.679490102883e-10 
  593       3.668834701239e-10 
  594       3.657973444077e-10 
  595       3.646911784465e-10 
  596       3.635655261317e-10 
  597       3.624209499766e-10 
  598       3.612580211534e-10 
  599       3.600773195299e-10 
  600       3.588794337068e-10 
  601       3.576649610546e-10 
  602       3.564345077509e-10 
  603       3.551886888168e-10 
  604       3.539281281547e-10 
  605       3.526534585848e-10 
  606       3.513653218821e-10 
  607       3.500643688139e-10 
  608       3.487512591763e-10 
  609       3.474266618313e-10 
  610       3.460912547443e-10 
  611       3.447457250205e-10 
  612       3.433907689424e-10 
  613       3.420270920064e-10 
  614       3.406554089602e-10 
  615       3.392764438396e-10 
  616       3.378909300055e-10 
  617       3.364996101813e-10 
  618       3.351032364893e-10 
  619       3.337025704882e-10 
  620       3.322983832100e-10 
  621       3.308914551970e-10 
  622       3.294825232628e-10 
  623       3.280721193316e-10 
  624       3.266607278969e-10 
  625       3.252488389761e-10 
  626       3.238369481311e-10 
  627       3.224255564890e-10 
  628       3.210151707622e-10 
  629       3.196063032693e-10 
  630       3.181994719554e-10 
  631       3.167952004129e-10 
  632       3.153940179016e-10 
  633       3.139964593695e-10 
  634       3.126030654736e-10 
  635       3.112143825996e-10 
  636       3.098309628834e-10 
  637       3.084533642308e-10 
  638       3.070821503387e-10 
  639       3.057178907150e-10 
  640       3.043611606997e-10 
  641       3.030125414850e-10 
  642       3.016726201360e-10 
  643       3.003419896112e-10 
  644       2.990212487832e-10 
  645       2.977110024587e-10 
  646       2.964118613997e-10 
  647       2.951244423436e-10 
  648       2.938493680238e-10 
  649       2.925872671902e-10 
  650       2.913387746299e-10 
  651       2.901045311875e-10 
  652       2.888851837858e-10 
  653       2.876813854461e-10 
  654       2.864937953091e-10 
  655       2.853230786550e-10 
  656       2.841699069244e-10 
  657       2.830349577383e-10 
  658       2.819189149195e-10 
  659       2.808224685120e-10 
  660       2.797463148027e-10 
  661       2.786910722269e-10 
  662       2.776570270117e-10 
  663       2.766443819647e-10 
  664       2.756533400773e-10 
  665       2.746841045226e-10 
  666       2.737368786523e-10 
  667       2.728118659948e-10 
  668       2.719092702521e-10 
  669       2.710292952976e-10 
  670       2.701721451733e-10 
  671       2.693380240875e-10 
  672       2.685271364123e-10 
  673       2.677396866806e-10 
  674       2.669758795842e-10 
  675       2.662359199706e-10 
  676       2.655200128410e-10 
  677       2.648283633475e-10 
  678       2.641611767906e-10 
  679       2.635186586166e-10 
  680       2.629010144153e-10 
  681       2.623084499169e-10 
  682       2.617411709902e-10 
  683       2.611993836396e-10 
  684       2.606832940025e-10 
  685       2.601931083470e-10 
  686       2.597290330693e-10 
  687       2.592912746910e-10 
  688       2.588800398567e-10 
  689       2.584955353316e-10 
  690       2.581379679986e-10 
  691       2.578075448560e-10 
  692       2.575044730149e-10 
  693       2.572289596966e-10 
  694       2.569812122303e-10 
  695       2.567614380502e-10 
  696       2.565698446931e-10 
  697       2.564066397961e-10 
  698       2.562720310936e-10 
  699       2.561662264153e-10 
  700       2.560893693324e-10 
  701       2.560413446328e-10 
  702       2.560219687891e-10 
  703       2.560310539241e-10 
  704       2.560684077926e-10 
  705       2.561338337629e-10 
  706       2.562271307986e-10 
  707       2.563480934405e-10 
  708       2.564965117882e-10 
  709       2.566721714817e-10 
  710       2.568748536833e-10 
  711       2.571043350592e-10 
  712       2.573603877613e-10 
  713       2.576427794090e-10 
  714       2.579512730706e-10 
  715       2.582856272454e-10 
  716       2.586455958451e-10 
  717       2.590309281758e-10 
  718       2.594413689195e-10 
  719       2.598766581161e-10 
  720       2.603365311448e-10 
  721       2.608207187058e-10 
  722       2.613289468024e-10 
  723       2.618609367225e-10 
  724       2.624164050202e-10 
  725       2.629950634976e-10 
  726       2.635966191867e-10 
  727       2.642207743310e-10 
  728       2.648672263669e-10 
  729       2.655356679062e-10 
  730       2.662257867168e-10 
  731       2.669372657054e-10 
  732       2.676697828985e-10 
  733       2.684230114246e-10 
  734       2.691966194956e-10 
  735       2.699902703886e-10 
  736       2.708036224278e-10 
  737       2.716363289660e-10 
  738       2.724880383664e-10 
  739       2.733583821331e-10 
  740       2.742469390821e-10 
  741       2.751532704272e-10 
  742       2.760769315459e-10 
  743       2.770174719585e-10 
  744       2.779744353078e-10 
  745       2.789473593375e-10 
  746       2.799357758719e-10 
  747       2.809392107946e-10 
  748       2.819571840278e-10 
  749       2.829892095115e-10 
  750       2.840347951825e-10 
  751       2.850934429535e-10 
  752       2.861646486924e-10 
  753       2.872479022010e-10 
  754       2.883426871948e-10 
  755       2.894484812814e-10 
  756       2.905647559401e-10 
  757       2.916909765009e-10 
  758       2.928266021236e-10 
  759       2.939710857767e-10 
  760       2.951238742169e-10 
  761       2.962844079682e-10 
  762       2.974521213005e-10 
  763       2.986264422093e-10 
  764       2.998067923948e-10 
  765       3.009925872404e-10 
  766       3.021832357925e-10 
  767       3.033781407394e-10 
  768       3.045766983903e-10 
  769       3.057782986545e-10 
  770       3.069823250207e-10 
  771       3.081881545356e-10 
  772       3.093951577837e-10 
  773       3.106026988660e-10 
  774       3.118101353790e-10 
  775       3.130168183944e-10 
  776       3.142220924375e-10 
  777       3.154252954669e-10 
  778       3.166258015044e-10 
  779       3.178231494448e-10 
  780       3.190169166206e-10 
  781       3.202066763567e-10 
  782       3.213919979589e-10 
  783       3.225724467004e-10 
  784       3.237475838103e-10 
  785       3.249169664606e-10 
  786       3.260801477540e-10 
  787       3.272366767111e-10 
  788       3.283860982587e-10 
  789       3.295279532166e-10 
  790       3.306617782857e-10 
  791       3.317871060350e-10 
  792       3.329034648900e-10 
  793       3.340103791194e-10 
  794       3.351073688233e-10 
  795       3.361939499202e-10 
  796       3.372696341352e-10 
  797       3.383339289870e-10 
  798       3.393863377759e-10 
  799       3.404263595710e-10 
  800       3.414534891981e-10 
  801       3.424672172268e-10 
  802       3.434670299587e-10 
  803       3.444524094145e-10 
  804       3.454228333217e-10 
  805       3.463777751020e-10 
  806       3.473167038592e-10 
  807       3.482390843667e-10 
  808       3.491443770547e-10 
  809       3.500320379980e-10 
  810       3.509015189038e-10 
  811       3.517522670990e-10 
  812       3.525837255177e-10 
  813       3.533953326888e-10 
  814       3.541865227239e-10 
  815       3.549567253045e-10 
  816       3.557053656695e-10 
  817       3.564319335617e-10 
  818       3.571361914407e-10 
  819       3.578179699645e-10 
  820       3.584770993675e-10 
  821       3.591134094607e-10 
  822       3.597267296314e-10 
  823       3.603168888437e-10 
  824       3.608837156376e-10 
  825       3.614270381299e-10 
  826       3.619466840132e-10 
  827       3.624424805565e-10 
  828       3.629142546052e-10 
  829       3.633618325803e-10 
  830       3.637850404794e-10 
  831       3.641837038756e-10 
  832       3.645576479182e-10 
  833       3.649066973324e-10 
  834       3.652306764192e-10 
  835       3.655294090553e-10 
  836       3.658027186933e-10 
  837       3.660504283612e-10 
  838       3.662723606630e-10 
  839       3.664683377779e-10 
  840       3.666381814609e-10 
  841       3.667817130423e-10 
  842       3.668987534278e-10 
  843       3.669891230987e-10 
  844       3.670526421112e-10 
  845       3.670891300971e-10 
  846       3.670984062632e-10 
  847       3.670802893917e-10 
  848       3.670345978395e-10 
  849       3.669611495388e-10 
  850       3.668597619967e-10 
  851       3.667302522954e-10 
  852       3.665724370918e-10 
  853       3.663861326176e-10 
  854       3.661711546794e-10 
  855       3.659273186584e-10 
  856       3.656544965143e-10 
  857       3.653527888613e-10 
  858       3.650223558264e-10 
  859       3.646633603203e-10 
  860       3.642759680472e-10 
  861       3.638603475139e-10 
  862       3.634166700389e-10 
  863       3.629451097620e-10 
  864       3.624458436531e-10 
  865       3.619190515221e-10 
  866       3.613649160276e-10 
  867       3.607836226865e-10 
  868       3.601753598830e-10 
  869       3.595403188784e-10 
  870       3.588786938196e-10 
  871       3.581906817491e-10 
  872       3.574764826138e-10 
  873       3.567362992744e-10 
  874       3.559703375149e-10 
  875       3.551788060514e-10 
  876       3.543619165419e-10 
  877       3.535198835951e-10 
  878       3.526529247801e-10 
  879       3.517612606352e-10 
  880       3.508451146777e-10 
  881       3.499047134127e-10 
  882       3.489402863427e-10 
  883       3.479520659767e-10 
  884       3.469402878393e-10 
  885       3.459051904807e-10 
  886       3.448470154849e-10 
  887       3.437660074799e-10 
  888       3.426624141464e-10 
  889       3.415364862274e-10 
  890       3.403884775374e-10 
  891       3.392186449713e-10 
  892       3.380272485143e-10 
  893       3.368145512507e-10 
  894       3.355808193735e-10 
  895       3.343263389569e-10 
  896       3.330514665565e-10 
  897       3.317565794530e-10 
  898       3.304420589756e-10 
  899       3.291082905130e-10 
  900       3.277556635260e-10 
  901       3.263845715587e-10 
  902       3.249954122507e-10 
  903       3.235885873485e-10 
  904       3.221645027175e-10 
  905       3.207235683540e-10 
  906       3.192661983963e-10 
  907       3.177928111371e-10 
  908       3.163038290353e-10 
  909       3.147996787271e-10 
  910       3.132807910386e-10 
  911       3.117476009971e-10 
  912       3.102005478431e-10 
  913       3.086400750418e-10 
  914       3.070666302951e-10 
  915       3.054806655535e-10 
  916       3.038826370276e-10 
  917       3.022730052001e-10 
  918       3.006522348372e-10 
  919       2.990207950011e-10 
  920       2.973791590609e-10 
  921       2.957278047051e-10 
  922       2.940672139531e-10 
  923       2.923978731668e-10 
  924       2.907202730628e-10 
  925       2.890349087236e-10 
  926       2.873422796102e-10 
  927       2.856428895729e-10 
  928       2.839372468640e-10 
  929       2.822258641488e-10 
  930       2.805092585180e-10 
  931       2.787879514992e-10 
  932       2.770624690686e-10 
  933       2.753333416628e-10 
  934       2.736010767287e-10 
  935       2.718660758776e-10 
  936       2.701287164590e-10 
  937       2.683893789134e-10 
  938       2.666484467804e-10 
  939       2.649063067064e-10 
  940       2.631633484529e-10 
  941       2.614199649043e-10 
  942       2.596765520763e-10 
  943       2.579335091233e-10 
  944       2.561912383469e-10 
  945       2.544501452037e-10 
  946       2.527106383132e-10 
  947       2.509731294663e-10 
  948       2.492380336325e-10 
  949       2.475057689688e-10 
  950       2.457767568268e-10 
  951       2.440514217617e-10 
  952       2.423301915392e-10 
  953       2.406134971446e-10 
  954       2.389017727900e-10 
  955       2.371954559227e-10 
  956       2.354949872329e-10 
  957       2.338008106623e-10 
  958       2.321133734114e-10 
  959       2.304331259478e-10 
  960       2.287605220146e-10 
  961       2.270960186375e-10 
  962       2.254400761338e-10 
  963       2.237931581197e-10 
  964       2.221557315186e-10 
  965       2.205282665690e-10 
  966       2.189112368329e-10 
  967       2.173051192029e-10 
  968       2.157103939113e-10 
  969       2.141275445373e-10 
  970       2.125570580155e-10 
  971       2.109994246433e-10 
  972       2.094551380898e-10 
  973       2.079246429667e-10 
  974       2.064081766657e-10 
  975       2.049059251631e-10 
  976       2.034180752425e-10 
  977       2.019448144960e-10 
  978       2.004863313253e-10 
  979       1.990428149439e-10 
  980       1.976144553773e-10 
  981       1.962014434655e-10 
  982       1.948039708635e-10 
  983       1.934222300432e-10 
  984       1.920564142944e-10 
  985       1.907067177267e-10 
  986       1.893733352702e-10 
  987       1.880564626772e-10 
  988       1.867562965237e-10 
  989       1.854730342106e-10 
  990       1.842068739650e-10 
  991       1.829580148416e-10 
  992       1.817266567242e-10 
  993       1.805130003271e-10 
  994       1.793172471962e-10 
  995       1.781395997105e-10 
  996       1.769802610836e-10 
  997       1.758394353649e-10 
  998       1.747173274409e-10 
  999       1.736141430369e-10 
 1000       1.725300887179e-10 
 1001       1.714653718906e-10 
 1002       1.704202008039e-10 
 1003       1.693947845512e-10 
 1004       1.683893330710e-10 
 1005       1.674040571487e-10 
 1006       1.664391684179e-10 
 1007       1.654948793617e-10 
 1008       1.645714033140e-10 
 1009       1.636689544610e-10 
 1010       1.627877478426e-10 
 1011       1.619279993536e-10 
 1012       1.610898776797e-10 
 1013       1.602733593432e-10 
 1014       1.594783715674e-10 
 1015       1.587048401488e-10 
 1016       1.579526894522e-10 
 1017       1.572218424066e-10 
 1018       1.565122205012e-10 
 1019       1.558237437809e-10 
 1020       1.551563308421e-10 
 1021       1.545098988284e-10 
 1022       1.538843634265e-10 
 1023       1.532796388616e-10 
 1024       1.526956378935e-10 
 1025       1.521322718122e-10 
 1026       1.515894504337e-10 
 1027       1.510670820955e-10 
 1028       1.505650736527e-10 
 1029       1.500833304735e-10 
 1030       1.496217564350e-10 
 1031       1.491802539189e-10 
 1032       1.487587238072e-10 
 1033       1.483570654784e-10 
 1034       1.479751768024e-10 
 1035       1.476129541371e-10 
 1036       1.472702923233e-10 
 1037       1.469470846814e-10 
 1038       1.466432230062e-10 
 1039       1.463585975634e-10 
 1040       1.460930970847e-10 
 1041       1.458466087640e-10 
 1042       1.456190182530e-10 
 1043       1.454102096569e-10 
 1044       1.452200655303e-10 
 1045       1.450484668725e-10 
 1046       1.448952931238e-10 
 1047       1.447604221610e-10 
 1048       1.446437302930e-10 
 1049       1.445450922567e-10 
 1050       1.444643812127e-10 
 1051       1.444014485229e-10 
 1052       1.443560627829e-10 
 1053       1.443279699337e-10 
 1054       1.443169133964e-10 
 1055       1.443226340659e-10 
 1056       1.443448703045e-10 
 1057       1.443833579351e-10 
 1058       1.444378302352e-10 
 1059       1.445080179302e-10 
 1060       1.445936491870e-10 
 1061       1.446944496076e-10 
 1062       1.448101422223e-10 
 1063       1.449404474839e-10 
 1064       1.450850832606e-10 
 1065       1.452437648300e-10 
 1066       1.454162048724e-10 
 1067       1.456021134643e-10 
 1068       1.458011980722e-10 
 1069       1.460131635460e-10 
 1070       1.462377121125e-10 
 1071       1.464745433691e-10 
 1072       1.467233542769e-10 
 1073       1.469838391551e-10 
 1074       1.472556896737e-10 
 1075       1.475385948474e-10 
 1076       1.478322410293e-10 
 1077       1.481363119041e-10 
 1078       1.484504884818e-10 
 1079       1.487744490915e-10 
 1080       1.491078693744e-10 
 1081       1.494504222780e-10 
 1082       1.498017780489e-10 
 1083       1.501616042271e-10 
 1084       1.505295656391e-10 
 1085       1.509053243914e-10 
 1086       1.512885398644e-10 
 1087       1.516788687055e-10 
 1088       1.520759648231e-10 
 1089       1.524794793799e-10 
 1090       1.528890744514e-10 
 1091       1.533044642163e-10 
 1092       1.537253743053e-10 
 1093       1.541515281815e-10 
 1094       1.545826471353e-10 
 1095       1.550184502789e-10 
 1096       1.554586545415e-10 
 1097       1.559029746644e-10 
 1098       1.563511231955e-10 
 1099       1.568028104847e-10 
 1100       1.572577446784e-10 
 1101       1.577156317147e-10 
 1102       1.581761753183e-10 
 1103       1.586390769951e-10 
 1104       1.591040360277e-10 
 1105       1.595707494699e-10 
 1106       1.600389121416e-10 
 1107       1.605082166241e-10 
 1108       1.609783532546e-10 
 1109       1.614490101213e-10 
 1110       1.619198730586e-10 
 1111       1.623906256413e-10 
 1112       1.628609491805e-10 
 1113       1.633305227177e-10 
 1114       1.637990230200e-10 
 1115       1.642661245753e-10 
 1116       1.647314995869e-10 
 1117       1.651948179683e-10 
 1118       1.656557473385e-10 
 1119       1.661139530169e-10 
 1120       1.665690980179e-10 
 1121       1.670208430461e-10 
 1122       1.674688464910e-10 
 1123       1.679127644222e-10 
 1124       1.683522505842e-10 
 1125       1.687869563913e-10 
 1126       1.692165309223e-10 
 1127       1.696406209160e-10 
 1128       1.700588707657e-10 
 1129       1.704709579861e-10 
 1130       1.708767001271e-10 
 1131       1.712759492341e-10 
 1132       1.716685564994e-10 
 1133       1.720543722606e-10 
 1134       1.724332459992e-10 
 1135       1.728050263381e-10 
 1136       1.731695610406e-10 
 1137       1.735266970084e-10 
 1138       1.738762802797e-10 
 1139       1.742181560276e-10 
 1140       1.745521685584e-10 
 1141       1.748781613100e-10 
 1142       1.751959768497e-10 
 1143       1.755054568729e-10 
 1144       1.758064422011e-10 
 1145       1.760987727805e-10 
 1146       1.763822876797e-10 
 1147       1.766568250886e-10 
 1148       1.769222223162e-10 
 1149       1.771783157889e-10 
 1150       1.774249410492e-10 
 1151       1.776619327533e-10 
 1152       1.778891246700e-10 
 1153       1.781063496783e-10 
 1154       1.783134397664e-10 
 1155       1.785102260294e-10 
 1156       1.786965386678e-10 
 1157       1.788722069855e-10 
 1158       1.790370593886e-10 
 1159       1.791909233831e-10 
 1160       1.793336255735e-10 
 1161       1.794649916609e-10 
 1162       1.795848464414e-10 
 1163       1.796930138040e-10 
 1164       1.797893167296e-10 
 1165       1.798735772884e-10 
 1166       1.799456166387e-10 
 1167       1.800052550251e-10 
 1168       1.800523478848e-10 
 1169       1.800868946653e-10 
 1170       1.801089313651e-10 
 1171       1.801184945502e-10 
 1172       1.801156213556e-10 
 1173       1.801003494870e-10 
 1174       1.800727172218e-10 
 1175       1.800327634108e-10 
 1176       1.799805274796e-10 
 1177       1.799160494302e-10 
 1178       1.798393698419e-10 
 1179       1.797505298733e-10 
 1180       1.796495712637e-10 
 1181       1.795365363340e-10 
 1182       1.794114679887e-10 
 1183       1.792744097171e-10 
 1184       1.791254055948e-10 
 1185       1.789645002851e-10 
 1186       1.787917390404e-10 
 1187       1.786071677036e-10 
 1188       1.784108327097e-10 
 1189       1.782027810872e-10 
 1190       1.779830604593e-10 
 1191       1.777517190457e-10 
 1192       1.775088056637e-10 
 1193       1.772543697299e-10 
 1194       1.769884612615e-10 
 1195       1.767111308776e-10 
 1196       1.764224298009e-10 
 1197       1.761224098591e-10 
 1198       1.758111234861e-10 
 1199       1.754886237237e-10 
 1200       1.751549642229e-10 
 1201       1.748101992453e-10 
 1202       1.744543836648e-10 
 1203       1.740875729685e-10 
 1204       1.737098232587e-10 
 1205       1.733211912541e-10 
 1206       1.729217342912e-10 
 1207       1.725115287815e-10 
 1208       1.720907258254e-10 
 1209       1.716594962746e-10 
 1210       1.712180123407e-10 
 1211       1.707664475977e-10 
 1212       1.703049769851e-10 
 1213       1.698337768112e-10 
 1214       1.693530247555e-10 
 1215       1.688628998720e-10 
 1216       1.683635825922e-10 
 1217       1.678552547277e-10 
 1218       1.673380994737e-10 
 1219       1.668123014114e-10 
 1220       1.662780465112e-10 
 1221       1.657355221358e-10 
 1222       1.651849170428e-10 
 1223       1.646264213881e-10 
 1224       1.640602267284e-10 
 1225       1.634865260244e-10 
 1226       1.629055136438e-10 
 1227       1.623173853643e-10 
 1228       1.617223383760e-10 
 1229       1.611205712851e-10 
 1230       1.605122841166e-10 
 1231       1.598976783170e-10 
 1232       1.592769567574e-10 
 1233       1.586503237367e-10 
 1234       1.580179849843e-10 
 1235       1.573801476629e-10 
 1236       1.567370203719e-10 
 1237       1.560888131500e-10 
 1238       1.554357374783e-10 
 1239       1.547780062831e-10 
 1240       1.541158339393e-10 
 1241       1.534494362726e-10 
 1242       1.527790305632e-10 
 1243       1.521048355482e-10 
 1244       1.514270714250e-10 
 1245       1.507459598540e-10 
 1246       1.500617183479e-10 
 1247       1.493745433623e-10 
 1248       1.486846270127e-10 
 1249       1.479921626725e-10 
 1250       1.472973449758e-10 
 1251       1.466003698195e-10 
 1252       1.459014343664e-10 
 1253       1.452007370470e-10 
 1254       1.444984775627e-10 
 1255       1.437948568878e-10 
 1256       1.430900772725e-10 
 1257       1.423843422448e-10 
 1258       1.416778566138e-10 
 1259       1.409708264716e-10 
 1260       1.402634591958e-10 
 1261       1.395559634527e-10 
 1262       1.388485491990e-10 
 1263       1.381414276849e-10 
 1264       1.374348114563e-10 
 1265       1.367289143574e-10 
 1266       1.360239515334e-10 
 1267       1.353201394326e-10 
 1268       1.346176958095e-10 
 1269       1.339168397268e-10 
 1270       1.332177915582e-10 
 1271       1.325207729908e-10 
 1272       1.318260070277e-10 
 1273       1.311337179905e-10 
 1274       1.304441315219e-10 
 1275       1.297574745879e-10 
 1276       1.290739754808e-10 
 1277       1.283938638212e-10 
 1278       1.277173705610e-10 
 1279       1.270447279858e-10 
 1280       1.263761697170e-10 
 1281       1.257119307149e-10 
 1282       1.250522472809e-10 
 1283       1.243973570602e-10 
 1284       1.237474990440e-10 
 1285       1.231028908661e-10 
 1286       1.224636604040e-10 
 1287       1.218299134043e-10 
 1288       1.212017561195e-10 
 1289       1.205792953088e-10 
 1290       1.199626382390e-10 
 1291       1.193518926852e-10 
 1292       1.187471669319e-10 
 1293       1.181485697737e-10 
 1294       1.175562105164e-10 
 1295       1.169701989776e-10 
 1296       1.163906454876e-10 
 1297       1.158176608905e-10 
 1298       1.152513565450e-10 
 1299       1.146918443250e-10 
 1300       1.141392366208e-10 
 1301       1.135936463397e-10 
 1302       1.130551869073e-10 
 1303       1.125239722678e-10 
 1304       1.120001168853e-10 
 1305       1.114837357446e-10 
 1306       1.109749443518e-10 
 1307       1.104738587356e-10 
 1308       1.099805954477e-10 
 1309       1.094952715642e-10 
 1310       1.090180046859e-10 
 1311       1.085489129397e-10 
 1312       1.080881149791e-10 
 1313       1.076357299853e-10 
 1314       1.071918776678e-10 
 1315       1.067566782657e-10 
 1316       1.063302525481e-10 
 1317       1.059127218152e-10 
 1318       1.055042078994e-10 
 1319       1.051048331657e-10 
 1320       1.047147205129e-10 
 1321       1.043339933742e-10 
 1322       1.039627757186e-10 
 1323       1.036011920511e-10 
 1324       1.032493422028e-10 
 1325       1.029072253936e-10 
 1326       1.025748153323e-10 
 1327       1.022520853512e-10 
 1328       1.019390084052e-10 
 1329       1.016355570709e-10 
 1330       1.013417035455e-10 
 1331       1.010574196465e-10 
 1332       1.007826768103e-10 
 1333       1.005174460915e-10 
 1334       1.002616981625e-10 
 1335       1.000154033119e-10 
 1336       9.977853144412e-11 
 1337       9.955105207849e-11 
 1338       9.933293434831e-11 
 1339       9.912414700004e-11 
 1340       9.892465839244e-11 
 1341       9.873443649573e-11 
 1342       9.855344889071e-11 
 1343       9.838166276793e-11 
 1344       9.821904492682e-11 
 1345       9.806556177487e-11 
 1346       9.792117932672e-11 
 1347       9.778586320337e-11 
 1348       9.765957863129e-11 
 1349       9.754229044157e-11 
 1350       9.743396306906e-11 
 1351       9.733456055155e-11 
 1352       9.724404652889e-11 
 1353       9.716238424214e-11 
 1354       9.708953653272e-11 
 1355       9.702546584154e-11 
 1356       9.697013420820e-11 
 1357       9.692350327007e-11 
 1358       9.688553426148e-11 
 1359       9.685618801286e-11 
 1360       9.683542494985e-11 
 1361       9.682320509253e-11 
 1362       9.681948805447e-11 
 1363       9.682421895138e-11 
 1364       9.683728596303e-11 
 1365       9.685856231436e-11 
 1366       9.688792032290e-11 
 1367       9.692523139708e-11 
 1368       9.697036603440e-11 
 1369       9.702319381973e-11 
 1370       9.708358342352e-11 
 1371       9.715140260003e-11 
 1372       9.722651818556e-11 
 1373       9.730879609674e-11 
 1374       9.739810132870e-11 
 1375       9.749429795334e-11 
 1376       9.759724911759e-11 
 1377       9.770681704159e-11 
 1378       9.782286301699e-11 
 1379       9.794524740514e-11 
 1380       9.807382963534e-11 
 1381       9.820846820311e-11 
 1382       9.834902066838e-11 
 1383       9.849534365374e-11 
 1384       9.864729284271e-11 
 1385       9.880472297793e-11 
 1386       9.896748785944e-11 
 1387       9.913544034289e-11 
 1388       9.930843233778e-11 
 1389       9.948631480571e-11 
 1390       9.966893775861e-11 
 1391       9.985615025698e-11 
 1392       1.000478004081e-10 
 1393       1.002437353644e-10 
 1394       1.004438013213e-10 
 1395       1.006478435162e-10 
 1396       1.008557062259e-10 
 1397       1.010672327652e-10 
 1398       1.012822654853e-10 
 1399       1.015006457719e-10 
 1400       1.017222140431e-10 
 1401       1.019468097483e-10 
 1402       1.021742740976e-10 
 1403       1.024044582875e-10 
 1404       1.026372153575e-10 
 1405       1.028723974648e-10 
 1406       1.031098558827e-10 
 1407       1.033494409991e-10 
 1408       1.035910023146e-10 
 1409       1.038343884411e-10 
 1410       1.040794471003e-10 
 1411       1.043260251217e-10 
 1412       1.045739684417e-10 
 1413       1.048231221011e-10 
 1414       1.050733302444e-10 
 1415       1.053244361177e-10 
 1416       1.055762820671e-10 
 1417       1.058287095372e-10 
 1418       1.060815590696e-10 
 1419       1.063346703012e-10 
 1420       1.065878819627e-10 
 1421       1.068410318766e-10 
 1422       1.070939569564e-10 
 1423       1.073464932041e-10 
 1424       1.075984757094e-10 
 1425       1.078497386474e-10 
 1426       1.081001152776e-10 
 1427       1.083494379419e-10 
 1428       1.085975380632e-10 
 1429       1.088442461438e-10 
 1430       1.090893917638e-10 
 1431       1.093328035792e-10 
 1432       1.095743093209e-10 
 1433       1.098137357927e-10 
 1434       1.100509088695e-10 
 1435       1.102856534963e-10 
 1436       1.105177936862e-10 
 1437       1.107471525189e-10 
 1438       1.109735521389e-10 
 1439       1.111968137545e-10 
 1440       1.114167576353e-10 
 1441       1.116332188472e-10 
 1442       1.118460946320e-10 
 1443       1.120552975050e-10 
 1444       1.122607395625e-10 
 1445       1.124623324808e-10 
 1446       1.126599875158e-10 
 1447       1.128536155022e-10 
 1448       1.130431268526e-10 
 1449       1.132284315573e-10 
 1450       1.134094391831e-10 
 1451       1.135860588730e-10 
 1452       1.137581993452e-10 
 1453       1.139257688928e-10 
 1454       1.140886753826e-10 
 1455       1.142468262548e-10 
 1456       1.144001285224e-10 
 1457       1.145484887699e-10 
 1458       1.146918131535e-10 
 1459       1.148300073996e-10 
 1460       1.149629768046e-10 
 1461       1.150906262340e-10 
 1462       1.152128601220e-10 
 1463       1.153295824702e-10 
 1464       1.154406968476e-10 
 1465       1.155461063896e-10 
 1466       1.156457137972e-10 
 1467       1.157394213367e-10 
 1468       1.158271308384e-10 
 1469       1.159087436965e-10 
 1470       1.159841608683e-10 
 1471       1.160532828731e-10 
 1472       1.161160097920e-10 
 1473       1.161722412670e-10 
 1474       1.162218765002e-10 
 1475       1.162648142536e-10 
 1476       1.163009528477e-10 
 1477       1.163301901613e-10 
 1478       1.163524236307e-10 
 1479       1.163675502490e-10 
 1480       1.163754853828e-10 
 1481       1.163762194270e-10 
 1482       1.163697617083e-10 
 1483       1.163561217193e-10 
 1484       1.163353091189e-10 
 1485       1.163073337323e-10 
 1486       1.162722055514e-10 
 1487       1.162299347355e-10 
 1488       1.161805316113e-10 
 1489       1.161240066733e-10 
 1490       1.160603705843e-10 
 1491       1.159896341756e-10 
 1492       1.159118084472e-10 
 1493       1.158269045687e-10 
 1494       1.157349338789e-10 
 1495       1.156359078866e-10 
 1496       1.155298382709e-10 
 1497       1.154167368816e-10 
 1498       1.152966157391e-10 
 1499       1.151694870355e-10 
 1500       1.150353631342e-10 
 1501       1.148942565707e-10 
 1502       1.147461800528e-10 
 1503       1.145911464610e-10 
 1504       1.144291688485e-10 
 1505       1.142602604423e-10 
 1506       1.140844346427e-10 
 1507       1.139017050242e-10 
 1508       1.137120853357e-10 
 1509       1.135155895006e-10 
 1510       1.133122316177e-10 
 1511       1.131020259607e-10 
 1512       1.128849869796e-10 
 1513       1.126611293001e-10 
 1514       1.124304677244e-10 
 1515       1.121930172316e-10 
 1516       1.119487929777e-10 
 1517       1.116978102963e-10 
 1518       1.114400846987e-10 
 1519       1.111756437597e-10 
 1520       1.109045628983e-10 
 1521       1.106269299422e-10 
 1522       1.103428332745e-10 
 1523       1.100523618351e-10 
 1524       1.097556051212e-10 
 1525       1.094526531888e-10 
 1526       1.091435966529e-10 
 1527       1.088285266893e-10 
 1528       1.085075350350e-10 
 1529       1.081807139893e-10 
 1530       1.078481564149e-10 
 1531       1.075099557386e-10 
 1532       1.071662059526e-10 
 1533       1.068170016152e-10 
 1534       1.064624378516e-10 
 1535       1.061026103555e-10 
 1536       1.057376153894e-10 
 1537       1.053675497858e-10 
 1538       1.049925109483e-10 
 1539       1.046125968524e-10 
 1540       1.042279060464e-10 
 1541       1.038385376526e-10 
 1542       1.034445913681e-10 
 1543       1.030461674656e-10 
 1544       1.026433667947e-10 
 1545       1.022362907827e-10 
 1546       1.018250414356e-10 
 1547       1.014097213389e-10 
 1548       1.009904336587e-10 
 1549       1.005672821428e-10 
 1550       1.001403711214e-10 
 1551       9.970980550804e-11 
 1552       9.927569080088e-11 
 1553       9.883813308339e-11 
 1554       9.839723902540e-11 
 1555       9.795311588405e-11 
 1556       9.750587150474e-11 
 1557       9.705561432211e-11 
 1558       9.660245343561e-11 
 1559       9.614649883501e-11 
 1560       9.568786117896e-11 
 1561       9.522665172144e-11 
 1562       9.476298231281e-11 
 1563       9.429696540071e-11 
 1564       9.382871403107e-11 
 1565       9.335834184905e-11 
 1566       9.288596310001e-11 
 1567       9.241169263047e-11 
 1568       9.193564588911e-11 
 1569       9.145793892766e-11 
 1570       9.097868840194e-11 
 1571       9.049801157278e-11 
 1572       9.001602630701e-11 
 1573       8.953285107839e-11 
 1574       8.904860496863e-11 
 1575       8.856340766829e-11 
 1576       8.807737947779e-11 
 1577       8.759064130837e-11 
 1578       8.710331468303e-11 
 1579       8.661552173751e-11 
 1580       8.612738522127e-11 
 1581       8.563902849842e-11 
 1582       8.515057554871e-11 
 1583       8.466215096849e-11 
 1584       8.417387997167e-11 
 1585       8.368588839069e-11 
 1586       8.319830267748e-11 
 1587       8.271124990441e-11 
 1588       8.222485776530e-11 
 1589       8.173925457633e-11 
 1590       8.125456927704e-11 
 1591       8.077093143129e-11 
 1592       8.028847122820e-11 
 1593       7.980731948314e-11 
 1594       7.932760763869e-11 
 1595       7.884946776561e-11 
 1596       7.837303256379e-11 
 1597       7.789842546964e-11 
 1598       7.742573087728e-11 
 1599       7.695502364649e-11 
 1600       7.648637897204e-11 
 1601       7.601987238417e-11 
 1602       7.555557974909e-11 
 1603       7.509357726950e-11 
 1604       7.463394148507e-11 
 1605       7.417674927294e-11 
 1606       7.372207784823e-11 
 1607       7.327000476453e-11 
 1608       7.282060791441e-11 
 1609       7.237396552990e-11 
 1610       7.193015618302e-11 
 1611       7.148925878624e-11 
 1612       7.105135259300e-11 
 1613       7.061651719824e-11 
 1614       7.018483253884e-11 
 1615       6.975637889415e-11 
 1616       6.933123688649e-11 
 1617       6.890948748165e-11 
 1618       6.849121198938e-11 
 1619       6.807649206391e-11 
 1620       6.766540970442e-11 
 1621       6.725804725556e-11 
 1622       6.685448740793e-11 
 1623       6.645481319861e-11 
 1624       6.605910801163e-11 
 1625       6.566745557848e-11 
 1626       6.527993997863e-11 
 1627       6.489664563998e-11 
 1628       6.451765733941e-11 
 1629       6.414306020324e-11 
 1630       6.377293970777e-11 
 1631       6.340738167974e-11 
 1632       6.304647229685e-11 
 1633       6.269029808826e-11 
 1634       6.233894593507e-11 
 1635       6.199250307085e-11 
 1636       6.165104376922e-11 
 1637       6.131458927543e-11 
 1638       6.098314751750e-11 
 1639       6.065672638642e-11 
 1640       6.033533373615e-11 
 1641       6.001897738344e-11 
 1642       5.970766510778e-11 
 1643       5.940140465127e-11 
 1644       5.910020371856e-11 
 1645       5.880406997672e-11 
 1646       5.851301105519e-11 
 1647       5.822703454559e-11 
 1648       5.794614800174e-11 
 1649       5.767035893948e-11 
 1650       5.739967483658e-11 
 1651       5.713410313270e-11 
 1652       5.687365122922e-11 
 1653       5.661832648920e-11 
 1654       5.636813623723e-11 
 1655       5.612308775939e-11 
 1656       5.588318830312e-11 
 1657       5.564844507711e-11 
 1658       5.541886525124e-11 
 1659       5.519445595645e-11 
 1660       5.497522428465e-11 
 1661       5.476117728865e-11 
 1662       5.455232198202e-11 
 1663       5.434866533903e-11 
 1664       5.415021429453e-11 
 1665       5.395697574385e-11 
 1666       5.376895654272e-11 
 1667       5.358616350718e-11 
 1668       5.340860341343e-11 
 1669       5.323628299782e-11 
 1670       5.306920895666e-11 
 1671       5.290738794620e-11 
 1672       5.275082658246e-11 
 1673       5.259953144121e-11 
 1674       5.245350905781e-11 
 1675       5.231275636921e-11 
 1676       5.217723194875e-11 
 1677       5.204688451987e-11 
 1678       5.192166249079e-11 
 1679       5.180151395397e-11 
 1680       5.168638668561e-11 
 1681       5.157622814515e-11 
 1682       5.147098547476e-11 
 1683       5.137060549884e-11 
 1684       5.127503472351e-11 
 1685       5.118421933609e-11 
 1686       5.109810520463e-11 
 1687       5.101663787736e-11 
 1688       5.093976258223e-11 
 1689       5.086742422636e-11 
 1690       5.079956739556e-11 
 1691       5.073613635384e-11 
 1692       5.067707504285e-11 
 1693       5.062232708143e-11 
 1694       5.057183576508e-11 
 1695       5.052554406545e-11 
 1696       5.048339462984e-11 
 1697       5.044532978070e-11 
 1698       5.041129151512e-11 
 1699       5.038122150432e-11 
 1700       5.035506109314e-11 
 1701       5.033275129955e-11 
 1702       5.031423281413e-11 
 1703       5.029944599959e-11 
 1704       5.028833089021e-11 
 1705       5.028082719140e-11 
 1706       5.027687427914e-11 
 1707       5.027641119951e-11 
 1708       5.027937666816e-11 
 1709       5.028570906983e-11 
 1710       5.029534645781e-11 
 1711       5.030822655348e-11 
 1712       5.032428674576e-11 
 1713       5.034346409062e-11 
 1714       5.036569363297e-11 
 1715       5.039090335772e-11 
 1716       5.041901919457e-11 
 1717       5.044996669121e-11 
 1718       5.048367101270e-11 
 1719       5.052005694088e-11 
 1720       5.055904887385e-11 
 1721       5.060057082535e-11 
 1722       5.064454642421e-11 
 1723       5.069089891375e-11 
 1724       5.073955115124e-11 
 1725       5.079042560730e-11 
 1726       5.084344436534e-11 
 1727       5.089852912096e-11 
 1728       5.095560118143e-11 
 1729       5.101458146504e-11 
 1730       5.107539050061e-11 
 1731       5.113794842684e-11 
 1732       5.120217499178e-11 
 1733       5.126798955225e-11 
 1734       5.133531107324e-11 
 1735       5.140405812738e-11 
 1736       5.147414889433e-11 
 1737       5.154550116021e-11 
 1738       5.161803231704e-11 
 1739       5.169165936217e-11 
 1740       5.176629889767e-11 
 1741       5.184186712980e-11 
 1742       5.191827986840e-11 
 1743       5.199545252635e-11 
 1744       5.207330011896e-11 
 1745       5.215173726342e-11 
 1746       5.223067817822e-11 
 1747       5.231003668257e-11 
 1748       5.238972619583e-11 
 1749       5.246965973694e-11 
 1750       5.254974992385e-11 
 1751       5.262990897291e-11 
 1752       5.271004869835e-11 
 1753       5.279008611188e-11 
 1754       5.286996027390e-11 
 1755       5.294961558182e-11 
 1756       5.302899618224e-11 
 1757       5.310804597062e-11 
 1758       5.318670859093e-11 
 1759       5.326492743524e-11 
 1760       5.334264564343e-11 
 1761       5.341980610281e-11 
 1762       5.349635144774e-11 
 1763       5.357222405930e-11 
 1764       5.364736606495e-11 
 1765       5.372171933813e-11 
 1766       5.379522549793e-11 
 1767       5.386782590875e-11 
 1768       5.393946167990e-11 
 1769       5.401007366530e-11 
 1770       5.407960246307e-11 
 1771       5.414798841522e-11 
 1772       5.421517160726e-11 
 1773       5.428109186785e-11 
 1774       5.434568876848e-11 
 1775       5.440890162305e-11 
 1776       5.447066948760e-11 
 1777       5.453093115985e-11 
 1778       5.458962517893e-11 
 1779       5.464668982500e-11 
 1780       5.470206311887e-11 
 1781       5.475568282167e-11 
 1782       5.480748643448e-11 
 1783       5.485741119800e-11 
 1784       5.490539409215e-11 
 1785       5.495137183575e-11 
 1786       5.499528088617e-11 
 1787       5.503705743893e-11 
 1788       5.507663742739e-11 
 1789       5.511395652237e-11 
 1790       5.514895013181e-11 
 1791       5.518155340038e-11 
 1792       5.521171003255e-11 
 1793       5.523939884100e-11 
 1794       5.526460741427e-11 
 1795       5.528732331303e-11 
 1796       5.530753407005e-11 
 1797       5.532522719021e-11 
 1798       5.534039015040e-11 
 1799       5.535301039957e-11 
 1800       5.536307535867e-11 
 1801       5.537057242062e-11 
 1802       5.537548895029e-11 
 1803       5.537781228448e-11 
 1804       5.537752973188e-11 
 1805       5.537462857306e-11 
 1806       5.536909606043e-11 
 1807       5.536091941822e-11 
 1808       5.535008584247e-11 
 1809       5.533658250095e-11 
 1810       5.532039653320e-11 
 1811       5.530151505048e-11 
 1812       5.527992513572e-11 
 1813       5.525561384352e-11 
 1814       5.522856820011e-11 
 1815       5.519877520334e-11 
 1816       5.516622182264e-11 
 1817       5.513089499900e-11 
 1818       5.509278164494e-11 
 1819       5.505186864448e-11 
 1820       5.500814285312e-11 
 1821       5.496159109783e-11 
 1822       5.491220017699e-11 
 1823       5.485995686039e-11 
 1824       5.480484788917e-11 
 1825       5.474685997585e-11 
 1826       5.468597980427e-11 
 1827       5.462219402954e-11 
 1828       5.455548927807e-11 
 1829       5.448585214748e-11 
 1830       5.441326920665e-11 
 1831       5.433773402765e-11 
 1832       5.425926834332e-11 
 1833       5.417790105876e-11 
 1834       5.409366123489e-11 
 1835       5.400657808866e-11 
 1836       5.391668099329e-11 
 1837       5.382399947847e-11 
 1838       5.372856323062e-11 
 1839       5.363040209310e-11 
 1840       5.352954606642e-11 
 1841       5.342602530849e-11 
 1842       5.331987013482e-11 
 1843       5.321111101877e-11 
 1844       5.309977859176e-11 
 1845       5.298590364352e-11 
 1846       5.286951712226e-11 
 1847       5.275065013497e-11 
 1848       5.262933394757e-11 
 1849       5.250559998519e-11 
 1850       5.237947983239e-11 
 1851       5.225100523335e-11 
 1852       5.212020809213e-11 
 1853       5.198712047288e-11 
 1854       5.185177460006e-11 
 1855       5.171420285870e-11 
 1856       5.157443779458e-11 
 1857       5.143251211447e-11 
 1858       5.128845868637e-11 
 1859       5.114231053974e-11 
 1860       5.099410086568e-11 
 1861       5.084386301720e-11 
 1862       5.069163050945e-11 
 1863       5.053743701990e-11 
 1864       5.038131638861e-11 
 1865       5.022330261844e-11 
 1866       5.006342987525e-11 
 1867       4.990173248817e-11 
 1868       4.973824494981e-11 
 1869       4.957300191645e-11 
 1870       4.940604025045e-11 
 1871       4.923740516416e-11 
 1872       4.906714412455e-11 
 1873       4.889530481566e-11 
 1874       4.872193513897e-11 
 1875       4.854708321367e-11 
 1876       4.837079737693e-11 
 1877       4.819312618425e-11 
 1878       4.801411840970e-11 
 1879       4.783382304624e-11 
 1880       4.765228930603e-11 
 1881       4.746956662070e-11 
 1882       4.728570464166e-11 
 1883       4.710075324039e-11 
 1884       4.691476250873e-11 
 1885       4.672778275920e-11 
 1886       4.653986452526e-11 
 1887       4.635105856163e-11 
 1888       4.616141584458e-11 
 1889       4.597098757222e-11 
 1890       4.577982516479e-11 
 1891       4.558798026500e-11 
 1892       4.539550473825e-11 
 1893       4.520245067298e-11 
 1894       4.500887038095e-11 
 1895       4.481481639755e-11 
 1896       4.462034148207e-11 
 1897       4.442549861801e-11 
 1898       4.423034101336e-11 
 1899       4.403492210092e-11 
 1900       4.383929553859e-11 
 1901       4.364351520965e-11 
 1902       4.344763522306e-11 
 1903       4.325170991378e-11 
 1904       4.305579384302e-11 
 1905       4.285994179857e-11 
 1906       4.266420879510e-11 
 1907       4.246865007442e-11 
 1908       4.227332110581e-11 
 1909       4.207827455741e-11 
 1910       4.188355118440e-11 
 1911       4.168918887157e-11 
 1912       4.149522565605e-11 
 1913       4.130169972749e-11 
 1914       4.110864942830e-11 
 1915       4.091611325379e-11 
 1916       4.072412985240e-11 
 1917       4.053273802590e-11 
 1918       4.034197672956e-11 
 1919       4.015188507238e-11 
 1920       3.996250231724e-11 
 1921       3.977386788115e-11 
 1922       3.958602133539e-11 
 1923       3.939900240577e-11 
 1924       3.921285097274e-11 
 1925       3.902760707169e-11 
 1926       3.884331089304e-11 
 1927       3.866000278252e-11 
 1928       3.847772324133e-11 
 1929       3.829651292631e-11 
 1930       3.811641265021e-11 
 1931       3.793746338179e-11 
 1932       3.775970624610e-11 
 1933       3.758318252463e-11 
 1934       3.740793365551e-11 
 1935       3.723400123373e-11 
 1936       3.706142701130e-11 
 1937       3.689025289747e-11 
 1938       3.672052095893e-11 
 1939       3.655227341998e-11 
 1940       3.638555266274e-11 
 1941       3.622040122737e-11 
 1942       3.605686181222e-11 
 1943       3.589497727405e-11 
 1944       3.573479062824e-11 
 1945       3.557634504896e-11 
 1946       3.541968386937e-11 
 1947       3.526485058183e-11 
 1948       3.511188320397e-11 
 1949       3.496079733022e-11 
 1950       3.481160295336e-11 
 1951       3.466431008705e-11 
 1952       3.451892876585e-11 
 1953       3.437546904529e-11 
 1954       3.423394100181e-11 
 1955       3.409435473285e-11 
 1956       3.395672035680e-11 
 1957       3.382104801309e-11 
 1958       3.368734786214e-11 
 1959       3.355563008543e-11 
 1960       3.342590488548e-11 
 1961       3.329818248590e-11 
 1962       3.317247313136e-11 
 1963       3.304878708769e-11 
 1964       3.292713464178e-11 
 1965       3.280752610173e-11 
 1966       3.268997179676e-11 
 1967       3.257448207728e-11 
 1968       3.246106731490e-11 
 1969       3.234973790243e-11 
 1970       3.224050425395e-11 
 1971       3.213337680474e-11 
 1972       3.202836601139e-11 
 1973       3.192548235176e-11 
 1974       3.182473632499e-11 
 1975       3.172613845158e-11 
 1976       3.162969927334e-11 
 1977       3.153542935346e-11 
 1978       3.144333927647e-11 
 1979       3.135343964833e-11 
 1980       3.126574109638e-11 
 1981       3.118025426941e-11 
 1982       3.109698983762e-11 
 1983       3.101595849270e-11 
 1984       3.093717094783e-11 
 1985       3.086063793765e-11 
 1986       3.078637021835e-11 
 1987       3.071437367379e-11 
 1988       3.064463459465e-11 
 1989       3.057713429090e-11 
 1990       3.051185397567e-11 
 1991       3.044877476510e-11 
 1992       3.038787767824e-11 
 1993       3.032914363692e-11 
 1994       3.027255346556e-11 
 1995       3.021808789112e-11 
 1996       3.016572754291e-11 
 1997       3.011545295249e-11 
 1998       3.006724455354e-11 
 1999       3.002108268169e-11 
 2000       2.997694757443e-11 
 2001       2.993481937099e-11 
 2002       2.989467811214e-11 
 2003       2.985650374013e-11 
 2004       2.982027609855e-11 
 2005       2.978597493214e-11 
 2006       2.975357988673e-11 
 2007       2.972307050908e-11 
 2008       2.969442624675e-11 
 2009       2.966762644794e-11 
 2010       2.964265036142e-11 
 2011       2.961947713635e-11 
 2012       2.959808582218e-11 
 2013       2.957845536849e-11 
 2014       2.956056462486e-11 
 2015       2.954439234079e-11 
 2016       2.952991716550e-11 
 2017       2.951711764784e-11 
 2018       2.950597223615e-11 
 2019       2.949645927812e-11 
 2020       2.948855702069e-11 
 2021       2.948224360987e-11 
 2022       2.947749709064e-11 
 2023       2.947429540684e-11 
 2024       2.947261640097e-11 
 2025       2.947243781413e-11 
 2026       2.947373552312e-11 
 2027       2.947647823816e-11 
 2028       2.948063276661e-11 
 2029       2.948616577202e-11 
 2030       2.949304377400e-11 
 2031       2.950123314799e-11 
 2032       2.951070012510e-11 
 2033       2.952141079193e-11 
 2034       2.953333109037e-11 
 2035       2.954642681743e-11 
 2036       2.956066362506e-11 
 2037       2.957600701997e-11 
 2038       2.959242236342e-11 
 2039       2.960987487107e-11 
 2040       2.962832961279e-11 
 2041       2.964775151247e-11 
 2042       2.966810534784e-11 
 2043       2.968935575028e-11 
 2044       2.971146720466e-11 
 2045       2.973440404913e-11 
 2046       2.975813047495e-11 
 2047       2.978261052633e-11 
 2048       2.980780810020e-11 
 2049       2.983368694606e-11 
 2050       2.986021066580e-11 
 2051       2.988734271349e-11 
 2052       2.991504639524e-11 
 2053       2.994328486897e-11 
 2054       2.997202114426e-11 
 2055       3.000121808217e-11 
 2056       3.003083839501e-11 
 2057       3.006084464624e-11 
 2058       3.009119925019e-11 
 2059       3.012186447198e-11 
 2060       3.015280242725e-11 
 2061       3.018397508201e-11 
 2062       3.021534425249e-11 
 2063       3.024687160491e-11 
 2064       3.027851865531e-11 
 2065       3.031024850704e-11 
 2066       3.034203107708e-11 
 2067       3.037383790637e-11 
 2068       3.040564042544e-11 
 2069       3.043740995421e-11 
 2070       3.046911770191e-11 
 2071       3.050073476692e-11 
 2072       3.053223213662e-11 
 2073       3.056358068731e-11 
 2074       3.059475118402e-11 
 2075       3.062571428041e-11 
 2076       3.065644051862e-11 
 2077       3.068690032914e-11 
 2078       3.071706403069e-11 
 2079       3.074690183007e-11 
 2080       3.077638382203e-11 
 2081       3.080547998914e-11 
 2082       3.083416020165e-11 
 2083       3.086239421736e-11 
 2084       3.089015168149e-11 
 2085       3.091740212655e-11 
 2086       3.094411497219e-11 
 2087       3.097025952508e-11 
 2088       3.099580497878e-11 
 2089       3.102072041358e-11 
 2090       3.104497479640e-11 
 2091       3.106853698063e-11 
 2092       3.109137570603e-11 
 2093       3.111345959855e-11 
 2094       3.113475717024e-11 
 2095       3.115523681907e-11 
 2096       3.117486682886e-11 
 2097       3.119361536908e-11 
 2098       3.121145049476e-11 
 2099       3.122834014634e-11 
 2100       3.124425214954e-11 
 2101       3.125915421522e-11 
 2102       3.127301393926e-11 
 2103       3.128579880240e-11 
 2104       3.129747994657e-11 
 2105       3.130804353264e-11 
 2106       3.131747946142e-11 
 2107       3.132577760434e-11 
 2108       3.133292780344e-11 
 2109       3.133891987135e-11 
 2110       3.134374359124e-11 
 2111       3.134738871679e-11 
 2112       3.134984497218e-11 
 2113       3.135110205203e-11 
 2114       3.135114962138e-11 
 2115       3.134997731566e-11 
 2116       3.134757474068e-11 
 2117       3.134393147254e-11 
 2118       3.133903705767e-11 
 2119       3.133288101275e-11 
 2120       3.132545282470e-11 
 2121       3.131674195062e-11 
 2122       3.130673781781e-11 
 2123       3.129542982370e-11 
 2124       3.128280733582e-11 
 2125       3.126885969179e-11 
 2126       3.125357619927e-11 
 2127       3.123694613592e-11 
 2128       3.121895874941e-11 
 2129       3.119960325735e-11 
 2130       3.117886884725e-11 
 2131       3.115674467655e-11 
 2132       3.113321987251e-11 
 2133       3.110828353224e-11 
 2134       3.108192472263e-11 
 2135       3.105413248035e-11 
 2136       3.102489581179e-11 
 2137       3.099420369305e-11 
 2138       3.096204506989e-11 
 2139       3.092840885771e-11 
 2140       3.089328394152e-11 
 2141       3.085665917592e-11 
 2142       3.081852338503e-11 
 2143       3.077886894985e-11 
 2144       3.073770259701e-11 
 2145       3.069503468363e-11 
 2146       3.065087561676e-11 
 2147       3.060523585337e-11 
 2148       3.055812590050e-11 
 2149       3.050955631525e-11 
 2150       3.045953770489e-11 
 2151       3.040808072689e-11 
 2152       3.035519608900e-11 
 2153       3.030089454930e-11 
 2154       3.024518691630e-11 
 2155       3.018808404895e-11 
 2156       3.012959685672e-11 
 2157       3.006973629968e-11 
 2158       3.000851338855e-11 
 2159       2.994593918476e-11 
 2160       2.988202480051e-11 
 2161       2.981678139886e-11 
 2162       2.975022019373e-11 
 2163       2.968235245005e-11 
 2164       2.961318948373e-11 
 2165       2.954274266179e-11 
 2166       2.947102340241e-11 
 2167       2.939804317495e-11 
 2168       2.932381350008e-11 
 2169       2.924834594978e-11 
 2170       2.917165214745e-11 
 2171       2.909374376792e-11 
 2172       2.901463253757e-11 
 2173       2.893433023437e-11 
 2174       2.885284868792e-11 
 2175       2.877019977953e-11 
 2176       2.868639544231e-11 
 2177       2.860144766118e-11 
 2178       2.851536847296e-11 
 2179       2.842816996645e-11 
 2180       2.833986428245e-11 
 2181       2.825046361385e-11 
 2182       2.815998185133e-11 
 2183       2.806843953234e-11 
 2184       2.797585892546e-11 
 2185       2.788226238784e-11 
 2186       2.778767236534e-11 
 2187       2.769211139262e-11 
 2188       2.759560209324e-11 
 2189       2.749816717978e-11 
 2190       2.739982945391e-11 
 2191       2.730061180654e-11 
 2192       2.720053721789e-11 
 2193       2.709962875761e-11 
 2194       2.699790958487e-11 
 2195       2.689540294848e-11 
 2196       2.679213218698e-11 
 2197       2.668812072876e-11 
 2198       2.658339209213e-11 
 2199       2.647796988546e-11 
 2200       2.637187780729e-11 
 2201       2.626513964640e-11 
 2202       2.615777928191e-11 
 2203       2.604982068343e-11 
 2204       2.594128791112e-11 
 2205       2.583220511583e-11 
 2206       2.572259653917e-11 
 2207       2.561248651361e-11 
 2208       2.550189946264e-11 
 2209       2.539085990082e-11 
 2210       2.527939243387e-11 
 2211       2.516752175886e-11 
 2212       2.505527266421e-11 
 2213       2.494267002986e-11 
 2214       2.482973882736e-11 
 2215       2.471650411996e-11 
 2216       2.460299106271e-11 
 2217       2.448922490261e-11 
 2218       2.437523097865e-11 
 2219       2.426103472196e-11 
 2220       2.414666165589e-11 
 2221       2.403213663416e-11 
 2222       2.391748154956e-11 
 2223       2.380271761035e-11 
 2224       2.368786610094e-11 
 2225       2.357294838199e-11 
 2226       2.345798589046e-11 
 2227       2.334300013971e-11 
 2228       2.322801271962e-11 
 2229       2.311304529662e-11 
 2230       2.299811961382e-11 
 2231       2.288325749106e-11 
 2232       2.276848082503e-11 
 2233       2.265381158931e-11 
 2234       2.253927183453e-11 
 2235       2.242488368836e-11 
 2236       2.231066935566e-11 
 2237       2.219665111857e-11 
 2238       2.208285133654e-11 
 2239       2.196929244648e-11 
 2240       2.185599696279e-11 
 2241       2.174298747748e-11 
 2242       2.163028666025e-11 
 2243       2.151791725857e-11 
 2244       2.140590209776e-11 
 2245       2.129426408108e-11 
 2246       2.118302618982e-11 
 2247       2.107221148340e-11 
 2248       2.096184309940e-11 
 2249       2.085194425371e-11 
 2250       2.074253824058e-11 
 2251       2.063364843272e-11 
 2252       2.052529828137e-11 
 2253       2.041751131639e-11 
 2254       2.031031114636e-11 
 2255       2.020372145865e-11 
 2256       2.009776601950e-11 
 2257       1.999246867415e-11 
 2258       1.988785334684e-11 
 2259       1.978394404098e-11 
 2260       1.968076246764e-11 
 2261       1.957832091418e-11 
 2262       1.947662932959e-11 
 2263       1.937569769192e-11 
 2264       1.927553600824e-11 
 2265       1.917615431474e-11 
 2266       1.907756267671e-11 
 2267       1.897977118860e-11 
 2268       1.888278997402e-11 
 2269       1.878662918582e-11 
 2270       1.869129900606e-11 
 2271       1.859680964606e-11 
 2272       1.850317134647e-11 
 2273       1.841039437723e-11 
 2274       1.831848903766e-11 
 2275       1.822746565645e-11 
 2276       1.813733459172e-11 
 2277       1.804810623102e-11 
 2278       1.795979099138e-11 
 2279       1.787239931933e-11 
 2280       1.778594169094e-11 
 2281       1.770042861183e-11 
 2282       1.761587061724e-11 
 2283       1.753227827199e-11 
 2284       1.744966217060e-11 
 2285       1.736803293722e-11 
 2286       1.728740122576e-11 
 2287       1.720777771983e-11 
 2288       1.712917313284e-11 
 2289       1.705159820798e-11 
 2290       1.697506371829e-11 
 2291       1.689958046663e-11 
 2292       1.682515928580e-11 
 2293       1.675181103848e-11 
 2294       1.667954661731e-11 
 2295       1.660837694492e-11 
 2296       1.653831297392e-11 
 2297       1.646936568698e-11 
 2298       1.640154609683e-11 
 2299       1.633486272744e-11 
 2300       1.626931404001e-11 
 2301       1.620489595881e-11 
 2302       1.614160438563e-11 
 2303       1.607943519974e-11 
 2304       1.601838425789e-11 
 2305       1.595844739422e-11 
 2306       1.589962042031e-11 
 2307       1.584189912511e-11 
 2308       1.578527927492e-11 
 2309       1.572975661335e-11 
 2310       1.567532686132e-11 
 2311       1.562198571700e-11 
 2312       1.556972885582e-11 
 2313       1.551855193040e-11 
 2314       1.546845057056e-11 
 2315       1.541942038327e-11 
 2316       1.537145695263e-11 
 2317       1.532455583984e-11 
 2318       1.527871258318e-11 
 2319       1.523392269797e-11 
 2320       1.519018167655e-11 
 2321       1.514748498825e-11 
 2322       1.510582807937e-11 
 2323       1.506520637314e-11 
 2324       1.502561526970e-11 
 2325       1.498705014608e-11 
 2326       1.494950635615e-11 
 2327       1.491297923061e-11 
 2328       1.487746407696e-11 
 2329       1.484295617947e-11 
 2330       1.480945079917e-11 
 2331       1.477694317377e-11 
 2332       1.474542851770e-11 
 2333       1.471490202204e-11 
 2334       1.468535885449e-11 
 2335       1.465679415939e-11 
 2336       1.462920305763e-11 
 2337       1.460258064664e-11 
 2338       1.457692059129e-11 
 2339       1.455221088679e-11 
 2340       1.452843806916e-11 
 2341       1.450558862189e-11 
 2342       1.448364897588e-11 
 2343       1.446260550940e-11 
 2344       1.444244454797e-11 
 2345       1.442315236439e-11 
 2346       1.440471517860e-11 
 2347       1.438711915768e-11 
 2348       1.437035041574e-11 
 2349       1.435439501392e-11 
 2350       1.433923896029e-11 
 2351       1.432486820979e-11 
 2352       1.431126866421e-11 
 2353       1.429842617208e-11 
 2354       1.428632652865e-11 
 2355       1.427495547582e-11 
 2356       1.426429870207e-11 
 2357       1.425434184243e-11 
 2358       1.424507047839e-11 
 2359       1.423647013785e-11 
 2360       1.422852629509e-11 
 2361       1.422122437065e-11 
 2362       1.421454973135e-11 
 2363       1.420848769017e-11 
 2364       1.420302350620e-11 
 2365       1.419814238463e-11 
 2366       1.419382947663e-11 
 2367       1.419006987932e-11 
 2368       1.418684863571e-11 
 2369       1.418415073464e-11 
 2370       1.418196111073e-11 
 2371       1.418026464430e-11 
 2372       1.417904616134e-11 
 2373       1.417829043342e-11 
 2374       1.417798217766e-11 
 2375       1.417810605665e-11 
 2376       1.417864667842e-11 
 2377       1.417958878207e-11 
 2378       1.418091779620e-11 
 2379       1.418261928379e-11 
 2380       1.418467875680e-11 
 2381       1.418708167607e-11 
 2382       1.418981345126e-11 
 2383       1.419285944083e-11 
 2384       1.419620495194e-11 
 2385       1.419983524045e-11 
 2386       1.420373551081e-11 
 2387       1.420789091604e-11 
 2388       1.421228655769e-11 
 2389       1.421690748572e-11 
 2390       1.422173869852e-11 
 2391       1.422676514281e-11 
 2392       1.423197171361e-11 
 2393       1.423734325416e-11 
 2394       1.424286455589e-11 
 2395       1.424852035836e-11 
 2396       1.425429534918e-11 
 2397       1.426017416399e-11 
 2398       1.426614138640e-11 
 2399       1.427218154792e-11 
 2400       1.427827912791e-11 
 2401       1.428441855352e-11 
 2402       1.429058419967e-11 
 2403       1.429676038894e-11 
 2404       1.430293139156e-11 
 2405       1.430908142534e-11 
 2406       1.431519465562e-11 
 2407       1.432125519519e-11 
 2408       1.432724710429e-11 
 2409       1.433315439048e-11 
 2410       1.433896100867e-11 
 2411       1.434465086100e-11 
 2412       1.435020779680e-11 
 2413       1.435561561258e-11 
 2414       1.436085805189e-11 
 2415       1.436591880535e-11 
 2416       1.437078287461e-11 
 2417       1.437544067347e-11 
 2418       1.437988395151e-11 
 2419       1.438410443226e-11 
 2420       1.438809381319e-11 
 2421       1.439184376567e-11 
 2422       1.439534593495e-11 
 2423       1.439859194013e-11 
 2424       1.440157337412e-11 
 2425       1.440428180365e-11 
 2426       1.440670876920e-11 
 2427       1.440884578502e-11 
 2428       1.441068433905e-11 
 2429       1.441221589294e-11 
 2430       1.441343188199e-11 
 2431       1.441432371515e-11 
 2432       1.441488277499e-11 
 2433       1.441510041765e-11 
 2434       1.441496797282e-11 
 2435       1.441447674376e-11 
 2436       1.441361800720e-11 
 2437       1.441238301336e-11 
 2438       1.441076298591e-11 
 2439       1.440874912198e-11 
 2440       1.440633259204e-11 
 2441       1.440350453998e-11 
 2442       1.440025608302e-11 
 2443       1.439657831171e-11 
 2444       1.439246228988e-11 
 2445       1.438789905464e-11 
 2446       1.438287961633e-11 
 2447       1.437739495852e-11 
 2448       1.437143603795e-11 
 2449       1.436499378454e-11 
 2450       1.435805910132e-11 
 2451       1.435062286447e-11 
 2452       1.434267592320e-11 
 2453       1.433420909982e-11 
 2454       1.432521318965e-11 
 2455       1.431568068705e-11 
 2456       1.430561097478e-11 
 2457       1.429500516556e-11 
 2458       1.428386437879e-11 
 2459       1.427218974064e-11 
 2460       1.425998238398e-11 
 2461       1.424724344845e-11 
 2462       1.423397408041e-11 
 2463       1.422017543300e-11 
 2464       1.420584866613e-11 
 2465       1.419099494647e-11 
 2466       1.417561544748e-11 
 2467       1.415971134939e-11 
 2468       1.414328383926e-11 
 2469       1.412633411093e-11 
 2470       1.410886336506e-11 
 2471       1.409087280914e-11 
 2472       1.407236365748e-11 
 2473       1.405333713122e-11 
 2474       1.403379445836e-11 
 2475       1.401373687375e-11 
 2476       1.399316561908e-11 
 2477       1.397208194293e-11 
 2478       1.395048710076e-11 
 2479       1.392838235489e-11 
 2480       1.390576897455e-11 
 2481       1.388264823586e-11 
 2482       1.385902142186e-11 
 2483       1.383488982249e-11 
 2484       1.381025473463e-11 
 2485       1.378511746207e-11 
 2486       1.375947931556e-11 
 2487       1.373334161278e-11 
 2488       1.370670567838e-11 
 2489       1.367957284395e-11 
 2490       1.365194444808e-11 
 2491       1.362382183631e-11 
 2492       1.359520636119e-11 
 2493       1.356609938224e-11 
 2494       1.353650081656e-11 
 2495       1.350640478120e-11 
 2496       1.347580392517e-11 
 2497       1.344469087661e-11 
 2498       1.341305824271e-11 
 2499       1.338089860971e-11 
 2500       1.334820454288e-11 
