# dimensionless total [l(l+1)/2pi] C_l's
# for l=2 to 2500, i.e. number of multipoles equal to 2499
#
# -> if you prefer output in CAMB/HealPix/LensPix units/order, set 'format' to 'camb' in input file
# -> if you don't want to see such a header, set 'headers' to 'no' in input file
#
# 1:l     2:TT                 
    2       1.372208393750e-10 
    3       1.299424288737e-10 
    4       1.230321546773e-10 
    5       1.178486299086e-10 
    6       1.142874621010e-10 
    7       1.120124224138e-10 
    8       1.106833433074e-10 
    9       1.100632743877e-10 
   10       1.099622346040e-10 
   11       1.102694039296e-10 
   12       1.109192138853e-10 
   13       1.118017013854e-10 
   14       1.128384390931e-10 
   15       1.140526325239e-10 
   16       1.154466452248e-10 
   17       1.169050773256e-10 
   18       1.184623750610e-10 
   19       1.201331373032e-10 
   20       1.218546084677e-10 
   21       1.236411762899e-10 
   22       1.254988094431e-10 
   23       1.274157631021e-10 
   24       1.293580842803e-10 
   25       1.313465400754e-10 
   26       1.333997965444e-10 
   27       1.355022682695e-10 
   28       1.376202935731e-10 
   29       1.397618972865e-10 
   30       1.419379803511e-10 
   31       1.441490116726e-10 
   32       1.463970840507e-10 
   33       1.486756696083e-10 
   34       1.509723357409e-10 
   35       1.532942500778e-10 
   36       1.556499926795e-10 
   37       1.580427428744e-10 
   38       1.604725460860e-10 
   39       1.629335785563e-10 
   40       1.654126490267e-10 
   41       1.678951564015e-10 
   42       1.703869683394e-10 
   43       1.728984934439e-10 
   44       1.754384081268e-10 
   45       1.780128529903e-10 
   46       1.806232991355e-10 
   47       1.832676370874e-10 
   48       1.859404211940e-10 
   49       1.886325979271e-10 
   50       1.913350391080e-10 
   51       1.940509025567e-10 
   52       1.967861569527e-10 
   53       1.995459797082e-10 
   54       2.023346643244e-10 
   55       2.051553988506e-10 
   56       2.080097490521e-10 
   57       2.108978845774e-10 
   58       2.138186010665e-10 
   59       2.167692224847e-10 
   60       2.197455034573e-10 
   61       2.227432608637e-10 
   62       2.257639175273e-10 
   63       2.288100352200e-10 
   64       2.318836532548e-10 
   65       2.349862456890e-10 
   66       2.381186785259e-10 
   67       2.412811669177e-10 
   68       2.444737056816e-10 
   69       2.476975578127e-10 
   70       2.509539920854e-10 
   71       2.542438062839e-10 
   72       2.575672965093e-10 
   73       2.609242264882e-10 
   74       2.643137968794e-10 
   75       2.677346145820e-10 
   76       2.711852949834e-10 
   77       2.746664633389e-10 
   78       2.781790642874e-10 
   79       2.817237438607e-10 
   80       2.853008317703e-10 
   81       2.889103236941e-10 
   82       2.925518635628e-10 
   83       2.962247258466e-10 
   84       2.999281823011e-10 
   85       3.036627108621e-10 
   86       3.074289556152e-10 
   87       3.112273490690e-10 
   88       3.150581009028e-10 
   89       3.189211867154e-10 
   90       3.228163367727e-10 
   91       3.267430247556e-10 
   92       3.307004565089e-10 
   93       3.346878430056e-10 
   94       3.387052906455e-10 
   95       3.427530246773e-10 
   96       3.468311096601e-10 
   97       3.509394421131e-10 
   98       3.550777431648e-10 
   99       3.592455512029e-10 
  100       3.634422145234e-10 
  101       3.676668839801e-10 
  102       3.719185056344e-10 
  103       3.761958134047e-10 
  104       3.804975994442e-10 
  105       3.848235827042e-10 
  106       3.891736445439e-10 
  107       3.935475572324e-10 
  108       3.979449796507e-10 
  109       4.023654529924e-10 
  110       4.068083964658e-10 
  111       4.112731029948e-10 
  112       4.157587349210e-10 
  113       4.202643197044e-10 
  114       4.247887456254e-10 
  115       4.293307574863e-10 
  116       4.338891270656e-10 
  117       4.384631971840e-10 
  118       4.430523960229e-10 
  119       4.476560655659e-10 
  120       4.522734588458e-10 
  121       4.569037371909e-10 
  122       4.615459674716e-10 
  123       4.661991193470e-10 
  124       4.708620625117e-10 
  125       4.755335639419e-10 
  126       4.802122851424e-10 
  127       4.848967793932e-10 
  128       4.895854889955e-10 
  129       4.942769090249e-10 
  130       4.989701047463e-10 
  131       5.036642460207e-10 
  132       5.083584443408e-10 
  133       5.130517512687e-10 
  134       5.177431568742e-10 
  135       5.224315881728e-10 
  136       5.271159075637e-10 
  137       5.317949112678e-10 
  138       5.364673277658e-10 
  139       5.411318162361e-10 
  140       5.457869649930e-10 
  141       5.504312899246e-10 
  142       5.550632329310e-10 
  143       5.596811603620e-10 
  144       5.642834915420e-10 
  145       5.688691019216e-10 
  146       5.734369568871e-10 
  147       5.779859844355e-10 
  148       5.825150743605e-10 
  149       5.870230774378e-10 
  150       5.915088046112e-10 
  151       5.959710261778e-10 
  152       6.004084709740e-10 
  153       6.048198255608e-10 
  154       6.092037334098e-10 
  155       6.135587940888e-10 
  156       6.178835624471e-10 
  157       6.221765478018e-10 
  158       6.264362131227e-10 
  159       6.306609742186e-10 
  160       6.348491989225e-10 
  161       6.389993196972e-10 
  162       6.431101843512e-10 
  163       6.471807349257e-10 
  164       6.512098967736e-10 
  165       6.551965782678e-10 
  166       6.591396705081e-10 
  167       6.630380470289e-10 
  168       6.668905635066e-10 
  169       6.706960574673e-10 
  170       6.744533479938e-10 
  171       6.781612354337e-10 
  172       6.818185011064e-10 
  173       6.854239070109e-10 
  174       6.889761955330e-10 
  175       6.924740891530e-10 
  176       6.959162901531e-10 
  177       6.993014803251e-10 
  178       7.026283206773e-10 
  179       7.058954511426e-10 
  180       7.091015784769e-10 
  181       7.122457483798e-10 
  182       7.153270944926e-10 
  183       7.183447521836e-10 
  184       7.212978585801e-10 
  185       7.241855526007e-10 
  186       7.270069749876e-10 
  187       7.297612683390e-10 
  188       7.324475771416e-10 
  189       7.350650478024e-10 
  190       7.376128286814e-10 
  191       7.400900701240e-10 
  192       7.424959244929e-10 
  193       7.448295462008e-10 
  194       7.470900917425e-10 
  195       7.492767197273e-10 
  196       7.513885909113e-10 
  197       7.534248682297e-10 
  198       7.553847168290e-10 
  199       7.572673040997e-10 
  200       7.590717997082e-10 
  201       7.607974350299e-10 
  202       7.624436861133e-10 
  203       7.640101038624e-10 
  204       7.654962560180e-10 
  205       7.669017273649e-10 
  206       7.682261199401e-10 
  207       7.694690532405e-10 
  208       7.706301644310e-10 
  209       7.717091085522e-10 
  210       7.727055587280e-10 
  211       7.736192063743e-10 
  212       7.744497614059e-10 
  213       7.751969524452e-10 
  214       7.758605270293e-10 
  215       7.764402518186e-10 
  216       7.769359128041e-10 
  217       7.773473155158e-10 
  218       7.776742852301e-10 
  219       7.779166671778e-10 
  220       7.780743267523e-10 
  221       7.781471497168e-10 
  222       7.781350424131e-10 
  223       7.780379319686e-10 
  224       7.778557875274e-10 
  225       7.775886850277e-10 
  226       7.772367469923e-10 
  227       7.768001221362e-10 
  228       7.762789856249e-10 
  229       7.756735393318e-10 
  230       7.749840120970e-10 
  231       7.742106599843e-10 
  232       7.733537665396e-10 
  233       7.724136430490e-10 
  234       7.713906287962e-10 
  235       7.702850913210e-10 
  236       7.690974266767e-10 
  237       7.678280596885e-10 
  238       7.664774442109e-10 
  239       7.650460633864e-10 
  240       7.635344299024e-10 
  241       7.619430862502e-10 
  242       7.602726049821e-10 
  243       7.585235889697e-10 
  244       7.566966716619e-10 
  245       7.547925173425e-10 
  246       7.528118213886e-10 
  247       7.507553105278e-10 
  248       7.486237430971e-10 
  249       7.464179093000e-10 
  250       7.441386054041e-10 
  251       7.417865541491e-10 
  252       7.393624802457e-10 
  253       7.368671362294e-10 
  254       7.343013026691e-10 
  255       7.316657883749e-10 
  256       7.289614306062e-10 
  257       7.261890952800e-10 
  258       7.233496771788e-10 
  259       7.204441001588e-10 
  260       7.174733173577e-10 
  261       7.144383114033e-10 
  262       7.113400946212e-10 
  263       7.081797092429e-10 
  264       7.049582276141e-10 
  265       7.016767524028e-10 
  266       6.983364168071e-10 
  267       6.949383847634e-10 
  268       6.914838511548e-10 
  269       6.879740420187e-10 
  270       6.844102147554e-10 
  271       6.807936583357e-10 
  272       6.771256935092e-10 
  273       6.734076730126e-10 
  274       6.696409817775e-10 
  275       6.658270371386e-10 
  276       6.619672890417e-10 
  277       6.580632202519e-10 
  278       6.541163465618e-10 
  279       6.501281368851e-10 
  280       6.460997685275e-10 
  281       6.420323596426e-10 
  282       6.379270482879e-10 
  283       6.337849925106e-10 
  284       6.296073704322e-10 
  285       6.253953803334e-10 
  286       6.211502407396e-10 
  287       6.168731905056e-10 
  288       6.125654889007e-10 
  289       6.082284156937e-10 
  290       6.038632712380e-10 
  291       5.994713765565e-10 
  292       5.950540734268e-10 
  293       5.906127244660e-10 
  294       5.861487132161e-10 
  295       5.816634442285e-10 
  296       5.771583431495e-10 
  297       5.726348568051e-10 
  298       5.680944532860e-10 
  299       5.635386220329e-10 
  300       5.589688739211e-10 
  301       5.543867413458e-10 
  302       5.497937783072e-10 
  303       5.451915604953e-10 
  304       5.405816853750e-10 
  305       5.359657722712e-10 
  306       5.313454624539e-10 
  307       5.267224192229e-10 
  308       5.220983279932e-10 
  309       5.174748963798e-10 
  310       5.128538542829e-10 
  311       5.082369539726e-10 
  312       5.036258518003e-10 
  313       4.990217470913e-10 
  314       4.944257266628e-10 
  315       4.898388816272e-10 
  316       4.852623073316e-10 
  317       4.806971032976e-10 
  318       4.761443731606e-10 
  319       4.716052246096e-10 
  320       4.670807693265e-10 
  321       4.625721229260e-10 
  322       4.580804048948e-10 
  323       4.536067385314e-10 
  324       4.491522508858e-10 
  325       4.447180726986e-10 
  326       4.403053383412e-10 
  327       4.359151857547e-10 
  328       4.315487563900e-10 
  329       4.272071951473e-10 
  330       4.228916503151e-10 
  331       4.186032735107e-10 
  332       4.143432196189e-10 
  333       4.101126467321e-10 
  334       4.059127160899e-10 
  335       4.017445920180e-10 
  336       3.976094418688e-10 
  337       3.935084359601e-10 
  338       3.894427475149e-10 
  339       3.854135526014e-10 
  340       3.814220300720e-10 
  341       3.774693615030e-10 
  342       3.735567311346e-10 
  343       3.696853258097e-10 
  344       3.658563349144e-10 
  345       3.620709503165e-10 
  346       3.583303663062e-10 
  347       3.546357795347e-10 
  348       3.509883889544e-10 
  349       3.473892929976e-10 
  350       3.438391765237e-10 
  351       3.403386107503e-10 
  352       3.368881546795e-10 
  353       3.334883549370e-10 
  354       3.301397456103e-10 
  355       3.268428480872e-10 
  356       3.235981708949e-10 
  357       3.204062095383e-10 
  358       3.172674463385e-10 
  359       3.141823502719e-10 
  360       3.111513768082e-10 
  361       3.081749677494e-10 
  362       3.052535510685e-10 
  363       3.023875407477e-10 
  364       2.995773366175e-10 
  365       2.968233241950e-10 
  366       2.941258745226e-10 
  367       2.914853440066e-10 
  368       2.889020742558e-10 
  369       2.863763919203e-10 
  370       2.839086085299e-10 
  371       2.814990203327e-10 
  372       2.791479081340e-10 
  373       2.768555371346e-10 
  374       2.746221567695e-10 
  375       2.724480005466e-10 
  376       2.703332858854e-10 
  377       2.682782139553e-10 
  378       2.662829695145e-10 
  379       2.643477207486e-10 
  380       2.624726191090e-10 
  381       2.606577991517e-10 
  382       2.589033783760e-10 
  383       2.572094570627e-10 
  384       2.555761181135e-10 
  385       2.540034268886e-10 
  386       2.524914310462e-10 
  387       2.510401603806e-10 
  388       2.496496071750e-10 
  389       2.483196667781e-10 
  390       2.470501944880e-10 
  391       2.458410246610e-10 
  392       2.446919705353e-10 
  393       2.436028240533e-10 
  394       2.425733556854e-10 
  395       2.416033142529e-10 
  396       2.406924267511e-10 
  397       2.398403981723e-10 
  398       2.390469113292e-10 
  399       2.383116266778e-10 
  400       2.376341821408e-10 
  401       2.370141929303e-10 
  402       2.364512513712e-10 
  403       2.359449267245e-10 
  404       2.354947650099e-10 
  405       2.351002888294e-10 
  406       2.347609971903e-10 
  407       2.344763653282e-10 
  408       2.342458445302e-10 
  409       2.340688619581e-10 
  410       2.339448204713e-10 
  411       2.338730984503e-10 
  412       2.338530496194e-10 
  413       2.338840028702e-10 
  414       2.339652620844e-10 
  415       2.340961059571e-10 
  416       2.342757878201e-10 
  417       2.345035354646e-10 
  418       2.347785509646e-10 
  419       2.351000105000e-10 
  420       2.354670641797e-10 
  421       2.358788358648e-10 
  422       2.363344229914e-10 
  423       2.368328963942e-10 
  424       2.373733001293e-10 
  425       2.379546512975e-10 
  426       2.385759398673e-10 
  427       2.392362079823e-10 
  428       2.399347912153e-10 
  429       2.406710851744e-10 
  430       2.414444666361e-10 
  431       2.422542934203e-10 
  432       2.430999042661e-10 
  433       2.439806187066e-10 
  434       2.448957369446e-10 
  435       2.458445397277e-10 
  436       2.468262882239e-10 
  437       2.478402238963e-10 
  438       2.488855683793e-10 
  439       2.499615233532e-10 
  440       2.510672704196e-10 
  441       2.522019709771e-10 
  442       2.533647660964e-10 
  443       2.545547763954e-10 
  444       2.557711019148e-10 
  445       2.570128219935e-10 
  446       2.582789951434e-10 
  447       2.595686589254e-10 
  448       2.608808298241e-10 
  449       2.622145031235e-10 
  450       2.635686527822e-10 
  451       2.649422313087e-10 
  452       2.663341696369e-10 
  453       2.677433770008e-10 
  454       2.691687408108e-10 
  455       2.706091265280e-10 
  456       2.720633775404e-10 
  457       2.735303150375e-10 
  458       2.750087378860e-10 
  459       2.764974225051e-10 
  460       2.779951227417e-10 
  461       2.795005697458e-10 
  462       2.810124718457e-10 
  463       2.825295144234e-10 
  464       2.840503597900e-10 
  465       2.855736470608e-10 
  466       2.870981323727e-10 
  467       2.886231146032e-10 
  468       2.901480226879e-10 
  469       2.916722764322e-10 
  470       2.931952864639e-10 
  471       2.947164541859e-10 
  472       2.962351717288e-10 
  473       2.977508219040e-10 
  474       2.992627781561e-10 
  475       3.007704045154e-10 
  476       3.022730555510e-10 
  477       3.037700763235e-10 
  478       3.052608023372e-10 
  479       3.067445594933e-10 
  480       3.082206640426e-10 
  481       3.096884225378e-10 
  482       3.111471317866e-10 
  483       3.125960788042e-10 
  484       3.140345407660e-10 
  485       3.154617849605e-10 
  486       3.168770687417e-10 
  487       3.182796394819e-10 
  488       3.196687345248e-10 
  489       3.210435811374e-10 
  490       3.224033964634e-10 
  491       3.237473874758e-10 
  492       3.250747509291e-10 
  493       3.263846733126e-10 
  494       3.276763308029e-10 
  495       3.289488892164e-10 
  496       3.302015039624e-10 
  497       3.314333199952e-10 
  498       3.326434717674e-10 
  499       3.338310831826e-10 
  500       3.349952675473e-10 
  501       3.361351275247e-10 
  502       3.372497550866e-10 
  503       3.383382314665e-10 
  504       3.393996271120e-10 
  505       3.404331339219e-10 
  506       3.414384662413e-10 
  507       3.424154713256e-10 
  508       3.433639981158e-10 
  509       3.442838972530e-10 
  510       3.451750210937e-10 
  511       3.460372237246e-10 
  512       3.468703609770e-10 
  513       3.476742904420e-10 
  514       3.484488714853e-10 
  515       3.491939652619e-10 
  516       3.499094347308e-10 
  517       3.505951446702e-10 
  518       3.512509616920e-10 
  519       3.518767542569e-10 
  520       3.524723926887e-10 
  521       3.530377491898e-10 
  522       3.535726978557e-10 
  523       3.540771146896e-10 
  524       3.545508776177e-10 
  525       3.549938665036e-10 
  526       3.554059631634e-10 
  527       3.557870513803e-10 
  528       3.561370169198e-10 
  529       3.564557475439e-10 
  530       3.567431330266e-10 
  531       3.569990651683e-10 
  532       3.572234378108e-10 
  533       3.574161468519e-10 
  534       3.575770902606e-10 
  535       3.577061680915e-10 
  536       3.578032825001e-10 
  537       3.578683377570e-10 
  538       3.579012402634e-10 
  539       3.579018985655e-10 
  540       3.578702233693e-10 
  541       3.578061275558e-10 
  542       3.577095261954e-10 
  543       3.575803365628e-10 
  544       3.574185428988e-10 
  545       3.572243925684e-10 
  546       3.569982051810e-10 
  547       3.567403083590e-10 
  548       3.564510377794e-10 
  549       3.561307372144e-10 
  550       3.557797585726e-10 
  551       3.553984619403e-10 
  552       3.549872156218e-10 
  553       3.545463961814e-10 
  554       3.540763884834e-10 
  555       3.535775857341e-10 
  556       3.530503895220e-10 
  557       3.524952098596e-10 
  558       3.519124652236e-10 
  559       3.513025825968e-10 
  560       3.506659975084e-10 
  561       3.500031540754e-10 
  562       3.493145050436e-10 
  563       3.486005118286e-10 
  564       3.478616445567e-10 
  565       3.470983821060e-10 
  566       3.463112121478e-10 
  567       3.455006311870e-10 
  568       3.446671446035e-10 
  569       3.438112666933e-10 
  570       3.429335207091e-10 
  571       3.420344389019e-10 
  572       3.411145625616e-10 
  573       3.401744420583e-10 
  574       3.392146368831e-10 
  575       3.382357156892e-10 
  576       3.372382563332e-10 
  577       3.362228459156e-10 
  578       3.351900808224e-10 
  579       3.341405667657e-10 
  580       3.330749188249e-10 
  581       3.319937614877e-10 
  582       3.308977286912e-10 
  583       3.297874413525e-10 
  584       3.286634392604e-10 
  585       3.275262475634e-10 
  586       3.263763991589e-10 
  587       3.252144347264e-10 
  588       3.240409027607e-10 
  589       3.228563596047e-10 
  590       3.216613694830e-10 
  591       3.204565045345e-10 
  592       3.192423448456e-10 
  593       3.180194784836e-10 
  594       3.167885015293e-10 
  595       3.155500181108e-10 
  596       3.143046404357e-10 
  597       3.130529888249e-10 
  598       3.117956917455e-10 
  599       3.105333858438e-10 
  600       3.092667159784e-10 
  601       3.079963352533e-10 
  602       3.067229050512e-10 
  603       3.054470950665e-10 
  604       3.041695833380e-10 
  605       3.028910562826e-10 
  606       3.016122087280e-10 
  607       3.003337439461e-10 
  608       2.990563736858e-10 
  609       2.977808182061e-10 
  610       2.965078063095e-10 
  611       2.952380753748e-10 
  612       2.939723713904e-10 
  613       2.927114489870e-10 
  614       2.914560714715e-10 
  615       2.902070108590e-10 
  616       2.889650479071e-10 
  617       2.877309721478e-10 
  618       2.865055819216e-10 
  619       2.852896844099e-10 
  620       2.840840956685e-10 
  621       2.828896406606e-10 
  622       2.817070722185e-10 
  623       2.805368257774e-10 
  624       2.793792589618e-10 
  625       2.782347321445e-10 
  626       2.771036084544e-10 
  627       2.759862537848e-10 
  628       2.748830368013e-10 
  629       2.737943289496e-10 
  630       2.727205044638e-10 
  631       2.716619403741e-10 
  632       2.706190165151e-10 
  633       2.695921155334e-10 
  634       2.685816228961e-10 
  635       2.675879268980e-10 
  636       2.666114186707e-10 
  637       2.656524921895e-10 
  638       2.647115442820e-10 
  639       2.637889746361e-10 
  640       2.628851858077e-10 
  641       2.620005832289e-10 
  642       2.611355752158e-10 
  643       2.602905729767e-10 
  644       2.594659906201e-10 
  645       2.586622451624e-10 
  646       2.578797565364e-10 
  647       2.571189475986e-10 
  648       2.563802441377e-10 
  649       2.556640748827e-10 
  650       2.549708715102e-10 
  651       2.543010686533e-10 
  652       2.536551039088e-10 
  653       2.530334178456e-10 
  654       2.524364540127e-10 
  655       2.518646589470e-10 
  656       2.513184821814e-10 
  657       2.507983762528e-10 
  658       2.503047967101e-10 
  659       2.498382021222e-10 
  660       2.493990540857e-10 
  661       2.489877336233e-10 
  662       2.486042883375e-10 
  663       2.482486796965e-10 
  664       2.479208661252e-10 
  665       2.476208029895e-10 
  666       2.473484425817e-10 
  667       2.471037341058e-10 
  668       2.468866236620e-10 
  669       2.466970542325e-10 
  670       2.465349656656e-10 
  671       2.464002946619e-10 
  672       2.462929747583e-10 
  673       2.462129363137e-10 
  674       2.461601064940e-10 
  675       2.461344092569e-10 
  676       2.461357653371e-10 
  677       2.461640922315e-10 
  678       2.462193041840e-10 
  679       2.463013121709e-10 
  680       2.464100238855e-10 
  681       2.465453437236e-10 
  682       2.467071727684e-10 
  683       2.468954087753e-10 
  684       2.471099461575e-10 
  685       2.473506759706e-10 
  686       2.476174858979e-10 
  687       2.479102602353e-10 
  688       2.482288798766e-10 
  689       2.485732222982e-10 
  690       2.489431615445e-10 
  691       2.493385682130e-10 
  692       2.497593094389e-10 
  693       2.502052488805e-10 
  694       2.506762467044e-10 
  695       2.511721595703e-10 
  696       2.516928406161e-10 
  697       2.522381394430e-10 
  698       2.528079021005e-10 
  699       2.534019710718e-10 
  700       2.540201486646e-10 
  701       2.546620863785e-10 
  702       2.553273932040e-10 
  703       2.560156719833e-10 
  704       2.567265193867e-10 
  705       2.574595258884e-10 
  706       2.582142757429e-10 
  707       2.589903469609e-10 
  708       2.597873112858e-10 
  709       2.606047341693e-10 
  710       2.614421747476e-10 
  711       2.622991858180e-10 
  712       2.631753138144e-10 
  713       2.640700987839e-10 
  714       2.649830743626e-10 
  715       2.659137677516e-10 
  716       2.668616996937e-10 
  717       2.678263844487e-10 
  718       2.688073297704e-10 
  719       2.698040368820e-10 
  720       2.708160004524e-10 
  721       2.718427085725e-10 
  722       2.728836427312e-10 
  723       2.739382777915e-10 
  724       2.750060819666e-10 
  725       2.760865167959e-10 
  726       2.771790371216e-10 
  727       2.782830910639e-10 
  728       2.793981199983e-10 
  729       2.805235585306e-10 
  730       2.816588344737e-10 
  731       2.828033688235e-10 
  732       2.839565757350e-10 
  733       2.851178624983e-10 
  734       2.862866295151e-10 
  735       2.874622702743e-10 
  736       2.886441713285e-10 
  737       2.898317122700e-10 
  738       2.910242657069e-10 
  739       2.922212251336e-10 
  740       2.934220891947e-10 
  741       2.946263790371e-10 
  742       2.958336105483e-10 
  743       2.970432943385e-10 
  744       2.982549357234e-10 
  745       2.994680347057e-10 
  746       3.006820859577e-10 
  747       3.018965788036e-10 
  748       3.031109972016e-10 
  749       3.043248197263e-10 
  750       3.055375195505e-10 
  751       3.067485644279e-10 
  752       3.079574166754e-10 
  753       3.091635331546e-10 
  754       3.103663652551e-10 
  755       3.115653588758e-10 
  756       3.127599544075e-10 
  757       3.139495867153e-10 
  758       3.151336851207e-10 
  759       3.163116733836e-10 
  760       3.174829696849e-10 
  761       3.186469866085e-10 
  762       3.198031311237e-10 
  763       3.209508045672e-10 
  764       3.220894026256e-10 
  765       3.232183153173e-10 
  766       3.243369269753e-10 
  767       3.254446162287e-10 
  768       3.265407559856e-10 
  769       3.276247134148e-10 
  770       3.286958499284e-10 
  771       3.297535211639e-10 
  772       3.307970769664e-10 
  773       3.318258613710e-10 
  774       3.328392125847e-10 
  775       3.338364629690e-10 
  776       3.348169390219e-10 
  777       3.357799613603e-10 
  778       3.367249149445e-10 
  779       3.376514612330e-10 
  780       3.385593299712e-10 
  781       3.394482493054e-10 
  782       3.403179457790e-10 
  783       3.411681443286e-10 
  784       3.419985682801e-10 
  785       3.428089393452e-10 
  786       3.435989776168e-10 
  787       3.443684015660e-10 
  788       3.451169280376e-10 
  789       3.458442722465e-10 
  790       3.465501477740e-10 
  791       3.472342665636e-10 
  792       3.478963389172e-10 
  793       3.485360734916e-10 
  794       3.491531772941e-10 
  795       3.497473556792e-10 
  796       3.503183123442e-10 
  797       3.508657493259e-10 
  798       3.513893669962e-10 
  799       3.518888640586e-10 
  800       3.523639375442e-10 
  801       3.528142828079e-10 
  802       3.532395935245e-10 
  803       3.536395616849e-10 
  804       3.540138775921e-10 
  805       3.543622298575e-10 
  806       3.546843053969e-10 
  807       3.549797894270e-10 
  808       3.552483654609e-10 
  809       3.554897153048e-10 
  810       3.557035190540e-10 
  811       3.558894550888e-10 
  812       3.560472000709e-10 
  813       3.561764289396e-10 
  814       3.562768149077e-10 
  815       3.563480294577e-10 
  816       3.563897423382e-10 
  817       3.564016911025e-10 
  818       3.563838910965e-10 
  819       3.563364292139e-10 
  820       3.562593947022e-10 
  821       3.561528791715e-10 
  822       3.560169766025e-10 
  823       3.558517833557e-10 
  824       3.556573981797e-10 
  825       3.554339222201e-10 
  826       3.551814590278e-10 
  827       3.549001145679e-10 
  828       3.545899972282e-10 
  829       3.542512178279e-10 
  830       3.538838896261e-10 
  831       3.534881283306e-10 
  832       3.530640521064e-10 
  833       3.526117815843e-10 
  834       3.521314398698e-10 
  835       3.516231525514e-10 
  836       3.510870477094e-10 
  837       3.505232559243e-10 
  838       3.499319102859e-10 
  839       3.493131464015e-10 
  840       3.486671024047e-10 
  841       3.479939189640e-10 
  842       3.472937392914e-10 
  843       3.465667091510e-10 
  844       3.458129768679e-10 
  845       3.450326933363e-10 
  846       3.442260120288e-10 
  847       3.433930890044e-10 
  848       3.425340829175e-10 
  849       3.416491550265e-10 
  850       3.407384692022e-10 
  851       3.398021919366e-10 
  852       3.388404923517e-10 
  853       3.378535422078e-10 
  854       3.368415159123e-10 
  855       3.358045905282e-10 
  856       3.347429759402e-10 
  857       3.336570058978e-10 
  858       3.325470485419e-10 
  859       3.314134764013e-10 
  860       3.302566664067e-10 
  861       3.290769999040e-10 
  862       3.278748626680e-10 
  863       3.266506449160e-10 
  864       3.254047413211e-10 
  865       3.241375510262e-10 
  866       3.228494776569e-10 
  867       3.215409293360e-10 
  868       3.202123186960e-10 
  869       3.188640628937e-10 
  870       3.174965836227e-10 
  871       3.161103071280e-10 
  872       3.147056642189e-10 
  873       3.132830902826e-10 
  874       3.118430252980e-10 
  875       3.103859138492e-10 
  876       3.089122051390e-10 
  877       3.074223530026e-10 
  878       3.059168159207e-10 
  879       3.043960570338e-10 
  880       3.028605441550e-10 
  881       3.013107497843e-10 
  882       2.997471511216e-10 
  883       2.981702300804e-10 
  884       2.965804733014e-10 
  885       2.949783721663e-10 
  886       2.933644228110e-10 
  887       2.917391261391e-10 
  888       2.901029878360e-10 
  889       2.884565183820e-10 
  890       2.868002330659e-10 
  891       2.851346519986e-10 
  892       2.834603001269e-10 
  893       2.817777072468e-10 
  894       2.800874080171e-10 
  895       2.783899206641e-10 
  896       2.766856826877e-10 
  897       2.749751141335e-10 
  898       2.732586388168e-10 
  899       2.715366843331e-10 
  900       2.698096820686e-10 
  901       2.680780672101e-10 
  902       2.663422787559e-10 
  903       2.646027595259e-10 
  904       2.628599561719e-10 
  905       2.611143191884e-10 
  906       2.593663029225e-10 
  907       2.576163655843e-10 
  908       2.558649692576e-10 
  909       2.541125799101e-10 
  910       2.523596674038e-10 
  911       2.506067055051e-10 
  912       2.488541718956e-10 
  913       2.471025481823e-10 
  914       2.453523199080e-10 
  915       2.436039765614e-10 
  916       2.418580115879e-10 
  917       2.401149223997e-10 
  918       2.383752103863e-10 
  919       2.366393809247e-10 
  920       2.349079433902e-10 
  921       2.331814111660e-10 
  922       2.314603016545e-10 
  923       2.297451362869e-10 
  924       2.280364405340e-10 
  925       2.263347439165e-10 
  926       2.246405800152e-10 
  927       2.229544864816e-10 
  928       2.212770050483e-10 
  929       2.196086815390e-10 
  930       2.179500658793e-10 
  931       2.163017121068e-10 
  932       2.146641783816e-10 
  933       2.130380269966e-10 
  934       2.114237689572e-10 
  935       2.098216967490e-10 
  936       2.082320489760e-10 
  937       2.066550655573e-10 
  938       2.050909877294e-10 
  939       2.035400580496e-10 
  940       2.020025203983e-10 
  941       2.004786199820e-10 
  942       1.989686033358e-10 
  943       1.974727183265e-10 
  944       1.959912141550e-10 
  945       1.945243413592e-10 
  946       1.930723518170e-10 
  947       1.916354987486e-10 
  948       1.902140367196e-10 
  949       1.888082216437e-10 
  950       1.874183107852e-10 
  951       1.860445627622e-10 
  952       1.846872375490e-10 
  953       1.833465964790e-10 
  954       1.820229022472e-10 
  955       1.807164189137e-10 
  956       1.794274119053e-10 
  957       1.781561480195e-10 
  958       1.769028954262e-10 
  959       1.756679236711e-10 
  960       1.744515036783e-10 
  961       1.732539077529e-10 
  962       1.720754095839e-10 
  963       1.709162842471e-10 
  964       1.697768082074e-10 
  965       1.686572593221e-10 
  966       1.675579168432e-10 
  967       1.664790614206e-10 
  968       1.654209751042e-10 
  969       1.643839413476e-10 
  970       1.633682450100e-10 
  971       1.623741723592e-10 
  972       1.614020110746e-10 
  973       1.604519945080e-10 
  974       1.595241335442e-10 
  975       1.586183822218e-10 
  976       1.577346932423e-10 
  977       1.568730179656e-10 
  978       1.560333064057e-10 
  979       1.552155072265e-10 
  980       1.544195677373e-10 
  981       1.536454338886e-10 
  982       1.528930502679e-10 
  983       1.521623600954e-10 
  984       1.514533052193e-10 
  985       1.507658261121e-10 
  986       1.500998618659e-10 
  987       1.494553501882e-10 
  988       1.488322273976e-10 
  989       1.482304284195e-10 
  990       1.476498867818e-10 
  991       1.470905346105e-10 
  992       1.465523026257e-10 
  993       1.460351201369e-10 
  994       1.455389150391e-10 
  995       1.450636138079e-10 
  996       1.446091414960e-10 
  997       1.441754217283e-10 
  998       1.437623766978e-10 
  999       1.433699271612e-10 
 1000       1.429979924348e-10 
 1001       1.426464903899e-10 
 1002       1.423153374489e-10 
 1003       1.420044485806e-10 
 1004       1.417137372962e-10 
 1005       1.414431156447e-10 
 1006       1.411924942089e-10 
 1007       1.409617821009e-10 
 1008       1.407508869579e-10 
 1009       1.405597149377e-10 
 1010       1.403881707148e-10 
 1011       1.402361574757e-10 
 1012       1.401035506420e-10 
 1013       1.399901186325e-10 
 1014       1.398956009487e-10 
 1015       1.398197343366e-10 
 1016       1.397622527796e-10 
 1017       1.397228874904e-10 
 1018       1.397013669043e-10 
 1019       1.396974166717e-10 
 1020       1.397107596505e-10 
 1021       1.397411158987e-10 
 1022       1.397882026674e-10 
 1023       1.398517343930e-10 
 1024       1.399314226900e-10 
 1025       1.400269763439e-10 
 1026       1.401381013031e-10 
 1027       1.402645006724e-10 
 1028       1.404058747050e-10 
 1029       1.405619207952e-10 
 1030       1.407323334713e-10 
 1031       1.409168043880e-10 
 1032       1.411150223192e-10 
 1033       1.413266731504e-10 
 1034       1.415514398713e-10 
 1035       1.417890025688e-10 
 1036       1.420390384193e-10 
 1037       1.423012216812e-10 
 1038       1.425752236880e-10 
 1039       1.428607128405e-10 
 1040       1.431573545996e-10 
 1041       1.434648114789e-10 
 1042       1.437827430371e-10 
 1043       1.441108058712e-10 
 1044       1.444486536085e-10 
 1045       1.447959368995e-10 
 1046       1.451523034106e-10 
 1047       1.455173978165e-10 
 1048       1.458908617931e-10 
 1049       1.462723340097e-10 
 1050       1.466614501223e-10 
 1051       1.470578553937e-10 
 1052       1.474612427641e-10 
 1053       1.478713152956e-10 
 1054       1.482877735855e-10 
 1055       1.487103157607e-10 
 1056       1.491386374714e-10 
 1057       1.495724318853e-10 
 1058       1.500113896816e-10 
 1059       1.504551990448e-10 
 1060       1.509035456588e-10 
 1061       1.513561127009e-10 
 1062       1.518125808360e-10 
 1063       1.522726282100e-10 
 1064       1.527359304444e-10 
 1065       1.532021606302e-10 
 1066       1.536709893214e-10 
 1067       1.541420845298e-10 
 1068       1.546151117181e-10 
 1069       1.550897337947e-10 
 1070       1.555656111072e-10 
 1071       1.560424014364e-10 
 1072       1.565197599907e-10 
 1073       1.569973393995e-10 
 1074       1.574747897077e-10 
 1075       1.579517583696e-10 
 1076       1.584278902426e-10 
 1077       1.589028275813e-10 
 1078       1.593762100320e-10 
 1079       1.598476746258e-10 
 1080       1.603168557733e-10 
 1081       1.607833852584e-10 
 1082       1.612468922321e-10 
 1083       1.617070032068e-10 
 1084       1.621633420501e-10 
 1085       1.626155299787e-10 
 1086       1.630631855527e-10 
 1087       1.635059246693e-10 
 1088       1.639433605570e-10 
 1089       1.643751037695e-10 
 1090       1.648008011759e-10 
 1091       1.652202535167e-10 
 1092       1.656332994117e-10 
 1093       1.660397765047e-10 
 1094       1.664395214613e-10 
 1095       1.668323699672e-10 
 1096       1.672181567255e-10 
 1097       1.675967154552e-10 
 1098       1.679678788887e-10 
 1099       1.683314787702e-10 
 1100       1.686873458531e-10 
 1101       1.690353098984e-10 
 1102       1.693751996722e-10 
 1103       1.697068429440e-10 
 1104       1.700300664843e-10 
 1105       1.703446960630e-10 
 1106       1.706505564467e-10 
 1107       1.709474713972e-10 
 1108       1.712352636689e-10 
 1109       1.715137550073e-10 
 1110       1.717827661466e-10 
 1111       1.720421168074e-10 
 1112       1.722916256952e-10 
 1113       1.725311104980e-10 
 1114       1.727603878839e-10 
 1115       1.729792734999e-10 
 1116       1.731875819689e-10 
 1117       1.733851268882e-10 
 1118       1.735717208273e-10 
 1119       1.737471753257e-10 
 1120       1.739113008910e-10 
 1121       1.740639069966e-10 
 1122       1.742048020800e-10 
 1123       1.743337935405e-10 
 1124       1.744506877368e-10 
 1125       1.745552899856e-10 
 1126       1.746474045591e-10 
 1127       1.747268346829e-10 
 1128       1.747933825343e-10 
 1129       1.748468894435e-10 
 1130       1.748873570733e-10 
 1131       1.749148278037e-10 
 1132       1.749293446729e-10 
 1133       1.749309513781e-10 
 1134       1.749196922780e-10 
 1135       1.748956123940e-10 
 1136       1.748587574121e-10 
 1137       1.748091736846e-10 
 1138       1.747469082318e-10 
 1139       1.746720087438e-10 
 1140       1.745845235819e-10 
 1141       1.744845017808e-10 
 1142       1.743719930497e-10 
 1143       1.742470477748e-10 
 1144       1.741097170201e-10 
 1145       1.739600525298e-10 
 1146       1.737981067299e-10 
 1147       1.736239327294e-10 
 1148       1.734375843228e-10 
 1149       1.732391159912e-10 
 1150       1.730285829042e-10 
 1151       1.728060409217e-10 
 1152       1.725715465956e-10 
 1153       1.723251571712e-10 
 1154       1.720669305895e-10 
 1155       1.717969254883e-10 
 1156       1.715152012042e-10 
 1157       1.712218177744e-10 
 1158       1.709168359383e-10 
 1159       1.706003171391e-10 
 1160       1.702723235256e-10 
 1161       1.699329179540e-10 
 1162       1.695821639896e-10 
 1163       1.692201259084e-10 
 1164       1.688468686987e-10 
 1165       1.684624580631e-10 
 1166       1.680669604201e-10 
 1167       1.676604429057e-10 
 1168       1.672429930708e-10 
 1169       1.668147782387e-10 
 1170       1.663759868939e-10 
 1171       1.659268090568e-10 
 1172       1.654674362877e-10 
 1173       1.649980616901e-10 
 1174       1.645188799140e-10 
 1175       1.640300871593e-10 
 1176       1.635318811794e-10 
 1177       1.630244612848e-10 
 1178       1.625080283460e-10 
 1179       1.619827847976e-10 
 1180       1.614489346411e-10 
 1181       1.609066834490e-10 
 1182       1.603562383676e-10 
 1183       1.597978081209e-10 
 1184       1.592316030138e-10 
 1185       1.586578349357e-10 
 1186       1.580767173639e-10 
 1187       1.574884653667e-10 
 1188       1.568932956076e-10 
 1189       1.562914263478e-10 
 1190       1.556830774507e-10 
 1191       1.550684703841e-10 
 1192       1.544478282249e-10 
 1193       1.538213756616e-10 
 1194       1.531893389982e-10 
 1195       1.525519461574e-10 
 1196       1.519094266845e-10 
 1197       1.512620117501e-10 
 1198       1.506099341542e-10 
 1199       1.499534283293e-10 
 1200       1.492927303441e-10 
 1201       1.486280779065e-10 
 1202       1.479597103675e-10 
 1203       1.472878687244e-10 
 1204       1.466127956243e-10 
 1205       1.459347353675e-10 
 1206       1.452539339112e-10 
 1207       1.445706308606e-10 
 1208       1.438850353315e-10 
 1209       1.431973498024e-10 
 1210       1.425077781029e-10 
 1211       1.418165254161e-10 
 1212       1.411237982817e-10 
 1213       1.404298045986e-10 
 1214       1.397347536276e-10 
 1215       1.390388559946e-10 
 1216       1.383423236929e-10 
 1217       1.376453700862e-10 
 1218       1.369482099114e-10 
 1219       1.362510592813e-10 
 1220       1.355541356875e-10 
 1221       1.348576580029e-10 
 1222       1.341618464848e-10 
 1223       1.334669227778e-10 
 1224       1.327731099160e-10 
 1225       1.320806323262e-10 
 1226       1.313897158307e-10 
 1227       1.307005876500e-10 
 1228       1.300134764056e-10 
 1229       1.293286121225e-10 
 1230       1.286462262326e-10 
 1231       1.279665515768e-10 
 1232       1.272898224083e-10 
 1233       1.266162743952e-10 
 1234       1.259461446230e-10 
 1235       1.252796715978e-10 
 1236       1.246170952491e-10 
 1237       1.239586569322e-10 
 1238       1.233045994312e-10 
 1239       1.226551669618e-10 
 1240       1.220106051741e-10 
 1241       1.213711611551e-10 
 1242       1.207370834321e-10 
 1243       1.201086219748e-10 
 1244       1.194860281985e-10 
 1245       1.188695549666e-10 
 1246       1.182594299963e-10 
 1247       1.176557757265e-10 
 1248       1.170586885152e-10 
 1249       1.164682651523e-10 
 1250       1.158846028602e-10 
 1251       1.153077992947e-10 
 1252       1.147379525457e-10 
 1253       1.141751611378e-10 
 1254       1.136195240312e-10 
 1255       1.130711406222e-10 
 1256       1.125301107443e-10 
 1257       1.119965346686e-10 
 1258       1.114705131045e-10 
 1259       1.109521472007e-10 
 1260       1.104415385457e-10 
 1261       1.099387891688e-10 
 1262       1.094440015404e-10 
 1263       1.089572785729e-10 
 1264       1.084787236219e-10 
 1265       1.080084404861e-10 
 1266       1.075465334087e-10 
 1267       1.070931070777e-10 
 1268       1.066482666269e-10 
 1269       1.062121176364e-10 
 1270       1.057847661338e-10 
 1271       1.053663185941e-10 
 1272       1.049568819413e-10 
 1273       1.045565635486e-10 
 1274       1.041654712391e-10 
 1275       1.037837132869e-10 
 1276       1.034113984176e-10 
 1277       1.030486358090e-10 
 1278       1.026955350918e-10 
 1279       1.023522063506e-10 
 1280       1.020187601241e-10 
 1281       1.016953074066e-10 
 1282       1.013819596478e-10 
 1283       1.010788287544e-10 
 1284       1.007860270902e-10 
 1285       1.005036401209e-10 
 1286       1.002316440052e-10 
 1287       9.996998706739e-11 
 1288       9.971861706738e-11 
 1289       9.947748119943e-11 
 1290       9.924652609085e-11 
 1291       9.902569780079e-11 
 1292       9.881494181896e-11 
 1293       9.861420306434e-11 
 1294       9.842342588397e-11 
 1295       9.824255405167e-11 
 1296       9.807153076678e-11 
 1297       9.791029865289e-11 
 1298       9.775879975661e-11 
 1299       9.761697554628e-11 
 1300       9.748476691072e-11 
 1301       9.736211415799e-11 
 1302       9.724895701410e-11 
 1303       9.714523462178e-11 
 1304       9.705088553919e-11 
 1305       9.696584773869e-11 
 1306       9.689005860557e-11 
 1307       9.682345493677e-11 
 1308       9.676597293966e-11 
 1309       9.671754823076e-11 
 1310       9.667811583445e-11 
 1311       9.664761018179e-11 
 1312       9.662596510917e-11 
 1313       9.661311385712e-11 
 1314       9.660898906901e-11 
 1315       9.661352278981e-11 
 1316       9.662664646482e-11 
 1317       9.664829093843e-11 
 1318       9.667838645284e-11 
 1319       9.671686264679e-11 
 1320       9.676364855433e-11 
 1321       9.681867260358e-11 
 1322       9.688186261538e-11 
 1323       9.695314580214e-11 
 1324       9.703243609691e-11 
 1325       9.711959599024e-11 
 1326       9.721447426937e-11 
 1327       9.731691864753e-11 
 1328       9.742677576174e-11 
 1329       9.754389117071e-11 
 1330       9.766810935276e-11 
 1331       9.779927370362e-11 
 1332       9.793722653436e-11 
 1333       9.808180906923e-11 
 1334       9.823286144356e-11 
 1335       9.839022270162e-11 
 1336       9.855373079448e-11 
 1337       9.872322257793e-11 
 1338       9.889853381029e-11 
 1339       9.907949915034e-11 
 1340       9.926595215518e-11 
 1341       9.945772527808e-11 
 1342       9.965464986636e-11 
 1343       9.985655615931e-11 
 1344       1.000632732860e-10 
 1345       1.002746292632e-10 
 1346       1.004904509932e-10 
 1347       1.007105642618e-10 
 1348       1.009347937360e-10 
 1349       1.011629629621e-10 
 1350       1.013948943633e-10 
 1351       1.016304092379e-10 
 1352       1.018693277568e-10 
 1353       1.021114689619e-10 
 1354       1.023566507632e-10 
 1355       1.026046899375e-10 
 1356       1.028554021258e-10 
 1357       1.031086018311e-10 
 1358       1.033641024168e-10 
 1359       1.036217161037e-10 
 1360       1.038812539690e-10 
 1361       1.041425259430e-10 
 1362       1.044053408080e-10 
 1363       1.046695131554e-10 
 1364       1.049348843455e-10 
 1365       1.052013017685e-10 
 1366       1.054686119036e-10 
 1367       1.057366603168e-10 
 1368       1.060052916597e-10 
 1369       1.062743496676e-10 
 1370       1.065436771579e-10 
 1371       1.068131160283e-10 
 1372       1.070825072554e-10 
 1373       1.073516908925e-10 
 1374       1.076205060687e-10 
 1375       1.078887909864e-10 
 1376       1.081563829202e-10 
 1377       1.084231182150e-10 
 1378       1.086888322843e-10 
 1379       1.089533596086e-10 
 1380       1.092165337337e-10 
 1381       1.094781872691e-10 
 1382       1.097381518862e-10 
 1383       1.099962583165e-10 
 1384       1.102523363504e-10 
 1385       1.105062148350e-10 
 1386       1.107577216727e-10 
 1387       1.110066838194e-10 
 1388       1.112529272830e-10 
 1389       1.114962771216e-10 
 1390       1.117365574417e-10 
 1391       1.119735913967e-10 
 1392       1.122072011853e-10 
 1393       1.124372080497e-10 
 1394       1.126634322737e-10 
 1395       1.128856931814e-10 
 1396       1.131038091355e-10 
 1397       1.133175975353e-10 
 1398       1.135268748152e-10 
 1399       1.137314564433e-10 
 1400       1.139311569191e-10 
 1401       1.141257897725e-10 
 1402       1.143151875240e-10 
 1403       1.144992617985e-10 
 1404       1.146779438350e-10 
 1405       1.148511645815e-10 
 1406       1.150188546936e-10 
 1407       1.151809445349e-10 
 1408       1.153373641761e-10 
 1409       1.154880433943e-10 
 1410       1.156329116732e-10 
 1411       1.157718982020e-10 
 1412       1.159049318756e-10 
 1413       1.160319412934e-10 
 1414       1.161528547593e-10 
 1415       1.162676002812e-10 
 1416       1.163761055705e-10 
 1417       1.164782980417e-10 
 1418       1.165741048116e-10 
 1419       1.166634526994e-10 
 1420       1.167462682258e-10 
 1421       1.168224776127e-10 
 1422       1.168920067829e-10 
 1423       1.169547813592e-10 
 1424       1.170107266645e-10 
 1425       1.170597677208e-10 
 1426       1.171018292492e-10 
 1427       1.171368356691e-10 
 1428       1.171647110981e-10 
 1429       1.171853793510e-10 
 1430       1.171987639399e-10 
 1431       1.172047880735e-10 
 1432       1.172033746565e-10 
 1433       1.171944462895e-10 
 1434       1.171779252682e-10 
 1435       1.171537335829e-10 
 1436       1.171217929186e-10 
 1437       1.170820246538e-10 
 1438       1.170343498607e-10 
 1439       1.169786893041e-10 
 1440       1.169149634416e-10 
 1441       1.168431126529e-10 
 1442       1.167631581554e-10 
 1443       1.166751417058e-10 
 1444       1.165791054274e-10 
 1445       1.164750918101e-10 
 1446       1.163631437114e-10 
 1447       1.162433043571e-10 
 1448       1.161156173420e-10 
 1449       1.159801266306e-10 
 1450       1.158368765578e-10 
 1451       1.156859118296e-10 
 1452       1.155272775239e-10 
 1453       1.153610190911e-10 
 1454       1.151871823548e-10 
 1455       1.150058135127e-10 
 1456       1.148169591369e-10 
 1457       1.146206661751e-10 
 1458       1.144169819511e-10 
 1459       1.142059541654e-10 
 1460       1.139876308959e-10 
 1461       1.137620605990e-10 
 1462       1.135292921098e-10 
 1463       1.132893746431e-10 
 1464       1.130423577940e-10 
 1465       1.127882915387e-10 
 1466       1.125272262352e-10 
 1467       1.122592126239e-10 
 1468       1.119843018284e-10 
 1469       1.117025453563e-10 
 1470       1.114139950994e-10 
 1471       1.111187033354e-10 
 1472       1.108167227276e-10 
 1473       1.105081063261e-10 
 1474       1.101929075686e-10 
 1475       1.098711802807e-10 
 1476       1.095429786771e-10 
 1477       1.092083573619e-10 
 1478       1.088673713295e-10 
 1479       1.085200759654e-10 
 1480       1.081665366253e-10 
 1481       1.078068574759e-10 
 1482       1.074411529406e-10 
 1483       1.070695381481e-10 
 1484       1.066921289335e-10 
 1485       1.063090418395e-10 
 1486       1.059203941180e-10 
 1487       1.055263037308e-10 
 1488       1.051268893511e-10 
 1489       1.047222703648e-10 
 1490       1.043125668717e-10 
 1491       1.038978996866e-10 
 1492       1.034783903405e-10 
 1493       1.030541610823e-10 
 1494       1.026253348794e-10 
 1495       1.021920354194e-10 
 1496       1.017543871109e-10 
 1497       1.013125150853e-10 
 1498       1.008665451975e-10 
 1499       1.004166040276e-10 
 1500       9.996281888153e-11 
 1501       9.950531779300e-11 
 1502       9.904422952421e-11 
 1503       9.857968356727e-11 
 1504       9.811181014544e-11 
 1505       9.764074021433e-11 
 1506       9.716660546317e-11 
 1507       9.668953831598e-11 
 1508       9.620967193288e-11 
 1509       9.572714021127e-11 
 1510       9.524207778709e-11 
 1511       9.475462003603e-11 
 1512       9.426490307481e-11 
 1513       9.377306376235e-11 
 1514       9.327923970107e-11 
 1515       9.278356923806e-11 
 1516       9.228619146637e-11 
 1517       9.178724622620e-11 
 1518       9.128687410616e-11 
 1519       9.078521190084e-11 
 1520       9.028237893312e-11 
 1521       8.977849060259e-11 
 1522       8.927366291830e-11 
 1523       8.876801249970e-11 
 1524       8.826165657765e-11 
 1525       8.775471299548e-11 
 1526       8.724730020990e-11 
 1527       8.673953729205e-11 
 1528       8.623154392849e-11 
 1529       8.572344042218e-11 
 1530       8.521534769350e-11 
 1531       8.470738728124e-11 
 1532       8.419968134361e-11 
 1533       8.369235265918e-11 
 1534       8.318552462797e-11 
 1535       8.267932127236e-11 
 1536       8.217386723817e-11 
 1537       8.166928779558e-11 
 1538       8.116570884017e-11 
 1539       8.066325689392e-11 
 1540       8.016205910618e-11 
 1541       7.966224325472e-11 
 1542       7.916393774665e-11 
 1543       7.866727161950e-11 
 1544       7.817237454215e-11 
 1545       7.767937681587e-11 
 1546       7.718840937531e-11 
 1547       7.669960378948e-11 
 1548       7.621309226277e-11 
 1549       7.572900763592e-11 
 1550       7.524748338706e-11 
 1551       7.476865363266e-11 
 1552       7.429265312857e-11 
 1553       7.381961727100e-11 
 1554       7.334968209748e-11 
 1555       7.288298428795e-11 
 1556       7.241966116565e-11 
 1557       7.195985069820e-11 
 1558       7.150367749717e-11 
 1559       7.105121067116e-11 
 1560       7.060250557896e-11 
 1561       7.015761779541e-11 
 1562       6.971660311163e-11 
 1563       6.927951753538e-11 
 1564       6.884641729134e-11 
 1565       6.841735882141e-11 
 1566       6.799239878504e-11 
 1567       6.757159405951e-11 
 1568       6.715500174028e-11 
 1569       6.674267914121e-11 
 1570       6.633468379498e-11 
 1571       6.593107345330e-11 
 1572       6.553190608726e-11 
 1573       6.513723988764e-11 
 1574       6.474713326519e-11 
 1575       6.436164485096e-11 
 1576       6.398083349659e-11 
 1577       6.360475827464e-11 
 1578       6.323347847885e-11 
 1579       6.286705362450e-11 
 1580       6.250554344869e-11 
 1581       6.214900791062e-11 
 1582       6.179750719196e-11 
 1583       6.145110169710e-11 
 1584       6.110985205346e-11 
 1585       6.077381911184e-11 
 1586       6.044306394668e-11 
 1587       6.011764785638e-11 
 1588       5.979763236362e-11 
 1589       5.948307921566e-11 
 1590       5.917405038461e-11 
 1591       5.887060806781e-11 
 1592       5.857281468805e-11 
 1593       5.828073289395e-11 
 1594       5.799442556022e-11 
 1595       5.771395578799e-11 
 1596       5.743938690510e-11 
 1597       5.717076796569e-11 
 1598       5.690809010310e-11 
 1599       5.665132977776e-11 
 1600       5.640046324123e-11 
 1601       5.615546653587e-11 
 1602       5.591631549442e-11 
 1603       5.568298573964e-11 
 1604       5.545545268393e-11 
 1605       5.523369152897e-11 
 1606       5.501767726532e-11 
 1607       5.480738467206e-11 
 1608       5.460278831642e-11 
 1609       5.440386255339e-11 
 1610       5.421058152534e-11 
 1611       5.402291916167e-11 
 1612       5.384084917839e-11 
 1613       5.366434507780e-11 
 1614       5.349338014807e-11 
 1615       5.332792746289e-11 
 1616       5.316795988107e-11 
 1617       5.301345004618e-11 
 1618       5.286437038619e-11 
 1619       5.272069311306e-11 
 1620       5.258239022238e-11 
 1621       5.244943349300e-11 
 1622       5.232179448664e-11 
 1623       5.219944454754e-11 
 1624       5.208235480205e-11 
 1625       5.197049615829e-11 
 1626       5.186383930572e-11 
 1627       5.176235471484e-11 
 1628       5.166601263675e-11 
 1629       5.157478310280e-11 
 1630       5.148863592422e-11 
 1631       5.140754069173e-11 
 1632       5.133146677517e-11 
 1633       5.126038332313e-11 
 1634       5.119425926255e-11 
 1635       5.113306329840e-11 
 1636       5.107675669749e-11 
 1637       5.102527157045e-11 
 1638       5.097853239483e-11 
 1639       5.093646321249e-11 
 1640       5.089898762894e-11 
 1641       5.086602881260e-11 
 1642       5.083750949414e-11 
 1643       5.081335196575e-11 
 1644       5.079347808046e-11 
 1645       5.077780925142e-11 
 1646       5.076626645123e-11 
 1647       5.075877021121e-11 
 1648       5.075524062073e-11 
 1649       5.075559732648e-11 
 1650       5.075975953181e-11 
 1651       5.076764599598e-11 
 1652       5.077917503351e-11 
 1653       5.079426451345e-11 
 1654       5.081283185870e-11 
 1655       5.083479404528e-11 
 1656       5.086006760168e-11 
 1657       5.088856860812e-11 
 1658       5.092021269586e-11 
 1659       5.095491504650e-11 
 1660       5.099259039131e-11 
 1661       5.103315301048e-11 
 1662       5.107651673246e-11 
 1663       5.112259493324e-11 
 1664       5.117130053568e-11 
 1665       5.122254600875e-11 
 1666       5.127624336691e-11 
 1667       5.133230416936e-11 
 1668       5.139063951933e-11 
 1669       5.145116006343e-11 
 1670       5.151377599091e-11 
 1671       5.157839703299e-11 
 1672       5.164493246212e-11 
 1673       5.171329109133e-11 
 1674       5.178338127350e-11 
 1675       5.185511340127e-11 
 1676       5.192840743213e-11 
 1677       5.200318542767e-11 
 1678       5.207936905835e-11 
 1679       5.215687960293e-11 
 1680       5.223563794781e-11 
 1681       5.231556458653e-11 
 1682       5.239657961909e-11 
 1683       5.247860275144e-11 
 1684       5.256155329480e-11 
 1685       5.264535016516e-11 
 1686       5.272991188259e-11 
 1687       5.281515657075e-11 
 1688       5.290100195622e-11 
 1689       5.298736536793e-11 
 1690       5.307416373658e-11 
 1691       5.316131359405e-11 
 1692       5.324873107278e-11 
 1693       5.333633190521e-11 
 1694       5.342403142315e-11 
 1695       5.351174455724e-11 
 1696       5.359938583632e-11 
 1697       5.368686938683e-11 
 1698       5.377410893224e-11 
 1699       5.386101779248e-11 
 1700       5.394750888327e-11 
 1701       5.403349471562e-11 
 1702       5.411888739517e-11 
 1703       5.420359862163e-11 
 1704       5.428753968819e-11 
 1705       5.437062148089e-11 
 1706       5.445275447809e-11 
 1707       5.453384874983e-11 
 1708       5.461381395723e-11 
 1709       5.469255935195e-11 
 1710       5.476999377555e-11 
 1711       5.484602565892e-11 
 1712       5.492056302168e-11 
 1713       5.499351347159e-11 
 1714       5.506479344764e-11 
 1715       5.513435603683e-11 
 1716       5.520216339369e-11 
 1717       5.526817751789e-11 
 1718       5.533236025407e-11 
 1719       5.539467329160e-11 
 1720       5.545507816436e-11 
 1721       5.551353625056e-11 
 1722       5.557000877247e-11 
 1723       5.562445679626e-11 
 1724       5.567684123175e-11 
 1725       5.572712283221e-11 
 1726       5.577526219413e-11 
 1727       5.582121975703e-11 
 1728       5.586495580323e-11 
 1729       5.590643045763e-11 
 1730       5.594560368750e-11 
 1731       5.598243530226e-11 
 1732       5.601688495330e-11 
 1733       5.604891213370e-11 
 1734       5.607847617808e-11 
 1735       5.610553626234e-11 
 1736       5.613005140347e-11 
 1737       5.615198045932e-11 
 1738       5.617128212839e-11 
 1739       5.618791494963e-11 
 1740       5.620183730220e-11 
 1741       5.621300740528e-11 
 1742       5.622138331782e-11 
 1743       5.622692293836e-11 
 1744       5.622958400481e-11 
 1745       5.622932409422e-11 
 1746       5.622610062257e-11 
 1747       5.621987084456e-11 
 1748       5.621059185339e-11 
 1749       5.619822058055e-11 
 1750       5.618271379560e-11 
 1751       5.616402810597e-11 
 1752       5.614211995671e-11 
 1753       5.611695540070e-11 
 1754       5.608853949875e-11 
 1755       5.605688716447e-11 
 1756       5.602201341629e-11 
 1757       5.598393337768e-11 
 1758       5.594266227728e-11 
 1759       5.589821544906e-11 
 1760       5.585060833252e-11 
 1761       5.579985647284e-11 
 1762       5.574597552102e-11 
 1763       5.568898123411e-11 
 1764       5.562888947530e-11 
 1765       5.556571621414e-11 
 1766       5.549947752668e-11 
 1767       5.543018959567e-11 
 1768       5.535786871068e-11 
 1769       5.528253126830e-11 
 1770       5.520419377228e-11 
 1771       5.512287283373e-11 
 1772       5.503858517127e-11 
 1773       5.495134761117e-11 
 1774       5.486117708756e-11 
 1775       5.476809064259e-11 
 1776       5.467210542655e-11 
 1777       5.457323869810e-11 
 1778       5.447150782439e-11 
 1779       5.436693028125e-11 
 1780       5.425952365334e-11 
 1781       5.414930563434e-11 
 1782       5.403629402709e-11 
 1783       5.392050674378e-11 
 1784       5.380196180609e-11 
 1785       5.368067734538e-11 
 1786       5.355667160286e-11 
 1787       5.342996292971e-11 
 1788       5.330056978732e-11 
 1789       5.316851074738e-11 
 1790       5.303380449212e-11 
 1791       5.289646981441e-11 
 1792       5.275653063588e-11 
 1793       5.261403110562e-11 
 1794       5.246902062509e-11 
 1795       5.232154884174e-11 
 1796       5.217166564941e-11 
 1797       5.201942118864e-11 
 1798       5.186486584702e-11 
 1799       5.170805025959e-11 
 1800       5.154902530915e-11 
 1801       5.138784212662e-11 
 1802       5.122455209142e-11 
 1803       5.105920683179e-11 
 1804       5.089185822518e-11 
 1805       5.072255839857e-11 
 1806       5.055135972883e-11 
 1807       5.037831484309e-11 
 1808       5.020347661910e-11 
 1809       5.002689818554e-11 
 1810       4.984863292243e-11 
 1811       4.966873446144e-11 
 1812       4.948725668626e-11 
 1813       4.930425373296e-11 
 1814       4.911977999034e-11 
 1815       4.893389010028e-11 
 1816       4.874663895808e-11 
 1817       4.855808171286e-11 
 1818       4.836827376785e-11 
 1819       4.817727078081e-11 
 1820       4.798512866432e-11 
 1821       4.779190358618e-11 
 1822       4.759765196975e-11 
 1823       4.740243049429e-11 
 1824       4.720629609535e-11 
 1825       4.700930596507e-11 
 1826       4.681151755258e-11 
 1827       4.661298856433e-11 
 1828       4.641377696447e-11 
 1829       4.621394097515e-11 
 1830       4.601353907694e-11 
 1831       4.581262848596e-11 
 1832       4.561126057139e-11 
 1833       4.540948540204e-11 
 1834       4.520735326654e-11 
 1835       4.500491467358e-11 
 1836       4.480222035229e-11 
 1837       4.459932125246e-11 
 1838       4.439626854490e-11 
 1839       4.419311362168e-11 
 1840       4.398990809651e-11 
 1841       4.378670380494e-11 
 1842       4.358355280475e-11 
 1843       4.338050737620e-11 
 1844       4.317762002233e-11 
 1845       4.297494346928e-11 
 1846       4.277253066657e-11 
 1847       4.257043478742e-11 
 1848       4.236870922904e-11 
 1849       4.216740761289e-11 
 1850       4.196658378507e-11 
 1851       4.176629181653e-11 
 1852       4.156658600340e-11 
 1853       4.136752086732e-11 
 1854       4.116915115570e-11 
 1855       4.097153184202e-11 
 1856       4.077471812617e-11 
 1857       4.057876543468e-11 
 1858       4.038372942111e-11 
 1859       4.018966596626e-11 
 1860       3.999663117852e-11 
 1861       3.980468139417e-11 
 1862       3.961387317765e-11 
 1863       3.942426332189e-11 
 1864       3.923590884860e-11 
 1865       3.904886700854e-11 
 1866       3.886319528187e-11 
 1867       3.867895137841e-11 
 1868       3.849619323796e-11 
 1869       3.831497903060e-11 
 1870       3.813536111614e-11 
 1871       3.795736787033e-11 
 1872       3.778102171701e-11 
 1873       3.760634515616e-11 
 1874       3.743336076397e-11 
 1875       3.726209119293e-11 
 1876       3.709255917195e-11 
 1877       3.692478750639e-11 
 1878       3.675879907823e-11 
 1879       3.659461684610e-11 
 1880       3.643226384541e-11 
 1881       3.627176318842e-11 
 1882       3.611313806434e-11 
 1883       3.595641173943e-11 
 1884       3.580160755707e-11 
 1885       3.564874893789e-11 
 1886       3.549785937982e-11 
 1887       3.534896245820e-11 
 1888       3.520208182589e-11 
 1889       3.505724121332e-11 
 1890       3.491446442863e-11 
 1891       3.477377535773e-11 
 1892       3.463519796440e-11 
 1893       3.449875629039e-11 
 1894       3.436447445550e-11 
 1895       3.423237665768e-11 
 1896       3.410248717311e-11 
 1897       3.397483035632e-11 
 1898       3.384943064026e-11 
 1899       3.372631253638e-11 
 1900       3.360550063475e-11 
 1901       3.348701960416e-11 
 1902       3.337089419215e-11 
 1903       3.325714922518e-11 
 1904       3.314580960867e-11 
 1905       3.303690032711e-11 
 1906       3.293044644417e-11 
 1907       3.282647310275e-11 
 1908       3.272500552510e-11 
 1909       3.262606258933e-11 
 1910       3.252963750495e-11 
 1911       3.243571698934e-11 
 1912       3.234428767780e-11 
 1913       3.225533612342e-11 
 1914       3.216884879692e-11 
 1915       3.208481208661e-11 
 1916       3.200321229819e-11 
 1917       3.192403565469e-11 
 1918       3.184726829631e-11 
 1919       3.177289628034e-11 
 1920       3.170090558099e-11 
 1921       3.163128208932e-11 
 1922       3.156401161310e-11 
 1923       3.149907987667e-11 
 1924       3.143647252088e-11 
 1925       3.137617510289e-11 
 1926       3.131817309612e-11 
 1927       3.126245189009e-11 
 1928       3.120899679033e-11 
 1929       3.115779301823e-11 
 1930       3.110882571095e-11 
 1931       3.106207992126e-11 
 1932       3.101754061747e-11 
 1933       3.097519268330e-11 
 1934       3.093502091771e-11 
 1935       3.089701003485e-11 
 1936       3.086114466390e-11 
 1937       3.082740934897e-11 
 1938       3.079578854895e-11 
 1939       3.076626663743e-11 
 1940       3.073882790256e-11 
 1941       3.071345654693e-11 
 1942       3.069013668746e-11 
 1943       3.066885235527e-11 
 1944       3.064958749556e-11 
 1945       3.063232596752e-11 
 1946       3.061705154415e-11 
 1947       3.060374791222e-11 
 1948       3.059239542982e-11 
 1949       3.058296137293e-11 
 1950       3.057540961538e-11 
 1951       3.056970386418e-11 
 1952       3.056580765937e-11 
 1953       3.056368437376e-11 
 1954       3.056329721268e-11 
 1955       3.056460921382e-11 
 1956       3.056758324697e-11 
 1957       3.057218201380e-11 
 1958       3.057836804764e-11 
 1959       3.058610371328e-11 
 1960       3.059535120670e-11 
 1961       3.060607255492e-11 
 1962       3.061822961569e-11 
 1963       3.063178407736e-11 
 1964       3.064669745857e-11 
 1965       3.066293110811e-11 
 1966       3.068044620464e-11 
 1967       3.069920375648e-11 
 1968       3.071916460142e-11 
 1969       3.074028940645e-11 
 1970       3.076253866758e-11 
 1971       3.078587270958e-11 
 1972       3.081025168581e-11 
 1973       3.083563557795e-11 
 1974       3.086198419578e-11 
 1975       3.088925717700e-11 
 1976       3.091741398697e-11 
 1977       3.094641391850e-11 
 1978       3.097621609163e-11 
 1979       3.100677945340e-11 
 1980       3.103806277765e-11 
 1981       3.107002466478e-11 
 1982       3.110262354151e-11 
 1983       3.113581766070e-11 
 1984       3.116956510110e-11 
 1985       3.120382376715e-11 
 1986       3.123855138873e-11 
 1987       3.127370671119e-11 
 1988       3.130925307545e-11 
 1989       3.134515486386e-11 
 1990       3.138137631210e-11 
 1991       3.141788150906e-11 
 1992       3.145463439662e-11 
 1993       3.149159876949e-11 
 1994       3.152873827498e-11 
 1995       3.156601641287e-11 
 1996       3.160339653517e-11 
 1997       3.164084184599e-11 
 1998       3.167831540131e-11 
 1999       3.171578010880e-11 
 2000       3.175319872766e-11 
 2001       3.179053386842e-11 
 2002       3.182774799274e-11 
 2003       3.186480341326e-11 
 2004       3.190166229336e-11 
 2005       3.193828664703e-11 
 2006       3.197463833866e-11 
 2007       3.201067908284e-11 
 2008       3.204637044421e-11 
 2009       3.208167383723e-11 
 2010       3.211655052604e-11 
 2011       3.215096162424e-11 
 2012       3.218486809472e-11 
 2013       3.221823074948e-11 
 2014       3.225101024942e-11 
 2015       3.228316710418e-11 
 2016       3.231466167194e-11 
 2017       3.234545415926e-11 
 2018       3.237550462083e-11 
 2019       3.240477295938e-11 
 2020       3.243321892539e-11 
 2021       3.246080211700e-11 
 2022       3.248748197976e-11 
 2023       3.251321780646e-11 
 2024       3.253796873696e-11 
 2025       3.256169375800e-11 
 2026       3.258435592973e-11 
 2027       3.260593509910e-11 
 2028       3.262641527796e-11 
 2029       3.264578042459e-11 
 2030       3.266401444369e-11 
 2031       3.268110118623e-11 
 2032       3.269702444949e-11 
 2033       3.271176797689e-11 
 2034       3.272531545804e-11 
 2035       3.273765052858e-11 
 2036       3.274875677018e-11 
 2037       3.275861771044e-11 
 2038       3.276721682288e-11 
 2039       3.277453752680e-11 
 2040       3.278056318729e-11 
 2041       3.278527711514e-11 
 2042       3.278866256675e-11 
 2043       3.279070274413e-11 
 2044       3.279138079477e-11 
 2045       3.279067981164e-11 
 2046       3.278858283308e-11 
 2047       3.278507284275e-11 
 2048       3.278013276960e-11 
 2049       3.277374548777e-11 
 2050       3.276589381653e-11 
 2051       3.275656052024e-11 
 2052       3.274572830826e-11 
 2053       3.273337983493e-11 
 2054       3.271949769947e-11 
 2055       3.270406444592e-11 
 2056       3.268706256309e-11 
 2057       3.266847448451e-11 
 2058       3.264828258834e-11 
 2059       3.262646919732e-11 
 2060       3.260301657873e-11 
 2061       3.257790694427e-11 
 2062       3.255112245007e-11 
 2063       3.252264519657e-11 
 2064       3.249245722850e-11 
 2065       3.246054505036e-11 
 2066       3.242691320810e-11 
 2067       3.239157080361e-11 
 2068       3.235452698795e-11 
 2069       3.231579096139e-11 
 2070       3.227537197350e-11 
 2071       3.223327932322e-11 
 2072       3.218952235890e-11 
 2073       3.214411047837e-11 
 2074       3.209705312902e-11 
 2075       3.204835980786e-11 
 2076       3.199804006159e-11 
 2077       3.194610348664e-11 
 2078       3.189255972925e-11 
 2079       3.183741848556e-11 
 2080       3.178068950163e-11 
 2081       3.172238257354e-11 
 2082       3.166250754742e-11 
 2083       3.160107431956e-11 
 2084       3.153809283644e-11 
 2085       3.147357309482e-11 
 2086       3.140752514177e-11 
 2087       3.133995907476e-11 
 2088       3.127088504174e-11 
 2089       3.120031324116e-11 
 2090       3.112825392209e-11 
 2091       3.105471738422e-11 
 2092       3.097971397799e-11 
 2093       3.090325410461e-11 
 2094       3.082534821615e-11 
 2095       3.074600681559e-11 
 2096       3.066524045688e-11 
 2097       3.058305974504e-11 
 2098       3.049947533618e-11 
 2099       3.041449793759e-11 
 2100       3.032813830781e-11 
 2101       3.024040725665e-11 
 2102       3.015131564534e-11 
 2103       3.006087438651e-11 
 2104       2.996909679555e-11 
 2105       2.987600566231e-11 
 2106       2.978162622872e-11 
 2107       2.968598384213e-11 
 2108       2.958910395545e-11 
 2109       2.949101212727e-11 
 2110       2.939173402198e-11 
 2111       2.929129540993e-11 
 2112       2.918972216751e-11 
 2113       2.908704027733e-11 
 2114       2.898327582831e-11 
 2115       2.887845501582e-11 
 2116       2.877260414183e-11 
 2117       2.866574961500e-11 
 2118       2.855791795084e-11 
 2119       2.844913577183e-11 
 2120       2.833942980754e-11 
 2121       2.822882689476e-11 
 2122       2.811735397764e-11 
 2123       2.800503810782e-11 
 2124       2.789190644453e-11 
 2125       2.777798625476e-11 
 2126       2.766330491335e-11 
 2127       2.754788990316e-11 
 2128       2.743176881515e-11 
 2129       2.731496934855e-11 
 2130       2.719751931095e-11 
 2131       2.707944661849e-11 
 2132       2.696077929591e-11 
 2133       2.684154547675e-11 
 2134       2.672177340341e-11 
 2135       2.660149142736e-11 
 2136       2.648072800918e-11 
 2137       2.635951171877e-11 
 2138       2.623787123541e-11 
 2139       2.611583534794e-11 
 2140       2.599343295487e-11 
 2141       2.587069306450e-11 
 2142       2.574764479504e-11 
 2143       2.562431671035e-11 
 2144       2.550073482176e-11 
 2145       2.537692457282e-11 
 2146       2.525291150262e-11 
 2147       2.512872124591e-11 
 2148       2.500437953317e-11 
 2149       2.487991219076e-11 
 2150       2.475534514102e-11 
 2151       2.463070440238e-11 
 2152       2.450601608947e-11 
 2153       2.438130641323e-11 
 2154       2.425660168101e-11 
 2155       2.413192829674e-11 
 2156       2.400731276094e-11 
 2157       2.388278167092e-11 
 2158       2.375836172085e-11 
 2159       2.363407970189e-11 
 2160       2.350996250227e-11 
 2161       2.338603710745e-11 
 2162       2.326233060017e-11 
 2163       2.313887016063e-11 
 2164       2.301568306655e-11 
 2165       2.289279669328e-11 
 2166       2.277023851396e-11 
 2167       2.264803609959e-11 
 2168       2.252621711914e-11 
 2169       2.240480933967e-11 
 2170       2.228384062647e-11 
 2171       2.216333894313e-11 
 2172       2.204333235165e-11 
 2173       2.192384901259e-11 
 2174       2.180491718515e-11 
 2175       2.168656522729e-11 
 2176       2.156882159585e-11 
 2177       2.145171484664e-11 
 2178       2.133527363456e-11 
 2179       2.121952671374e-11 
 2180       2.110450293761e-11 
 2181       2.099023125902e-11 
 2182       2.087673793470e-11 
 2183       2.076403811792e-11 
 2184       2.065214420962e-11 
 2185       2.054106864903e-11 
 2186       2.043082391367e-11 
 2187       2.032142251945e-11 
 2188       2.021287702065e-11 
 2189       2.010520001002e-11 
 2190       1.999840411875e-11 
 2191       1.989250201657e-11 
 2192       1.978750641178e-11 
 2193       1.968343005126e-11 
 2194       1.958028572055e-11 
 2195       1.947808624386e-11 
 2196       1.937684448413e-11 
 2197       1.927657334306e-11 
 2198       1.917728576117e-11 
 2199       1.907899471782e-11 
 2200       1.898171323124e-11 
 2201       1.888545435860e-11 
 2202       1.879023119605e-11 
 2203       1.869605687874e-11 
 2204       1.860294458086e-11 
 2205       1.851090751571e-11 
 2206       1.841995893572e-11 
 2207       1.833011213247e-11 
 2208       1.824138043678e-11 
 2209       1.815377721872e-11 
 2210       1.806731588765e-11 
 2211       1.798200989226e-11 
 2212       1.789787272063e-11 
 2213       1.781491790025e-11 
 2214       1.773315899808e-11 
 2215       1.765260962056e-11 
 2216       1.757328341368e-11 
 2217       1.749519406303e-11 
 2218       1.741835529379e-11 
 2219       1.734278087082e-11 
 2220       1.726848459868e-11 
 2221       1.719547724278e-11 
 2222       1.712375727047e-11 
 2223       1.705332004900e-11 
 2224       1.698416091885e-11 
 2225       1.691627519368e-11 
 2226       1.684965816029e-11 
 2227       1.678430507862e-11 
 2228       1.672021118168e-11 
 2229       1.665737167555e-11 
 2230       1.659578173930e-11 
 2231       1.653543652500e-11 
 2232       1.647633115767e-11 
 2233       1.641846073524e-11 
 2234       1.636182032853e-11 
 2235       1.630640498119e-11 
 2236       1.625220970970e-11 
 2237       1.619922950330e-11 
 2238       1.614745932399e-11 
 2239       1.609689410649e-11 
 2240       1.604752875817e-11 
 2241       1.599935815906e-11 
 2242       1.595237716179e-11 
 2243       1.590658059158e-11 
 2244       1.586196324617e-11 
 2245       1.581851989582e-11 
 2246       1.577624528327e-11 
 2247       1.573513412367e-11 
 2248       1.569518110461e-11 
 2249       1.565638088603e-11 
 2250       1.561872810019e-11 
 2251       1.558221735170e-11 
 2252       1.554684321739e-11 
 2253       1.551260024635e-11 
 2254       1.547948295986e-11 
 2255       1.544748585139e-11 
 2256       1.541660338650e-11 
 2257       1.538683000288e-11 
 2258       1.535816011028e-11 
 2259       1.533058809048e-11 
 2260       1.530410658797e-11 
 2261       1.527870137010e-11 
 2262       1.525435643354e-11 
 2263       1.523105571054e-11 
 2264       1.520878306877e-11 
 2265       1.518752231133e-11 
 2266       1.516725717659e-11 
 2267       1.514797133818e-11 
 2268       1.512964840490e-11 
 2269       1.511227192063e-11 
 2270       1.509582536426e-11 
 2271       1.508029214963e-11 
 2272       1.506565562545e-11 
 2273       1.505189907521e-11 
 2274       1.503900571714e-11 
 2275       1.502695870409e-11 
 2276       1.501574112350e-11 
 2277       1.500533599730e-11 
 2278       1.499572628184e-11 
 2279       1.498689486782e-11 
 2280       1.497882458022e-11 
 2281       1.497149817820e-11 
 2282       1.496489835506e-11 
 2283       1.495900773817e-11 
 2284       1.495380888884e-11 
 2285       1.494928430230e-11 
 2286       1.494541640762e-11 
 2287       1.494218756760e-11 
 2288       1.493958007875e-11 
 2289       1.493757617117e-11 
 2290       1.493615800848e-11 
 2291       1.493530768778e-11 
 2292       1.493500723955e-11 
 2293       1.493523862756e-11 
 2294       1.493598374885e-11 
 2295       1.493722443359e-11 
 2296       1.493894244504e-11 
 2297       1.494111947950e-11 
 2298       1.494373716618e-11 
 2299       1.494677736199e-11 
 2300       1.495022303800e-11 
 2301       1.495405739845e-11 
 2302       1.495826358642e-11 
 2303       1.496282468369e-11 
 2304       1.496772371074e-11 
 2305       1.497294362663e-11 
 2306       1.497846732900e-11 
 2307       1.498427765390e-11 
 2308       1.499035737584e-11 
 2309       1.499668920762e-11 
 2310       1.500325580034e-11 
 2311       1.501003974328e-11 
 2312       1.501702356385e-11 
 2313       1.502418972755e-11 
 2314       1.503152063784e-11 
 2315       1.503899863614e-11 
 2316       1.504660600172e-11 
 2317       1.505432495164e-11 
 2318       1.506213764071e-11 
 2319       1.507002616137e-11 
 2320       1.507797254367e-11 
 2321       1.508595875517e-11 
 2322       1.509396670092e-11 
 2323       1.510197822332e-11 
 2324       1.510997510212e-11 
 2325       1.511793905431e-11 
 2326       1.512585173407e-11 
 2327       1.513369473271e-11 
 2328       1.514144957858e-11 
 2329       1.514909773702e-11 
 2330       1.515662061030e-11 
 2331       1.516399953750e-11 
 2332       1.517121579454e-11 
 2333       1.517825059401e-11 
 2334       1.518508508516e-11 
 2335       1.519170035383e-11 
 2336       1.519807742236e-11 
 2337       1.520419724954e-11 
 2338       1.521004247931e-11 
 2339       1.521560269890e-11 
 2340       1.522086921349e-11 
 2341       1.522583330039e-11 
 2342       1.523048620900e-11 
 2343       1.523481916081e-11 
 2344       1.523882334934e-11 
 2345       1.524248994013e-11 
 2346       1.524581007072e-11 
 2347       1.524877485059e-11 
 2348       1.525137536114e-11 
 2349       1.525360265569e-11 
 2350       1.525544775942e-11 
 2351       1.525690166935e-11 
 2352       1.525795535432e-11 
 2353       1.525859975493e-11 
 2354       1.525882578356e-11 
 2355       1.525862432429e-11 
 2356       1.525798623292e-11 
 2357       1.525690233690e-11 
 2358       1.525536343531e-11 
 2359       1.525336029886e-11 
 2360       1.525088366981e-11 
 2361       1.524792426199e-11 
 2362       1.524447276076e-11 
 2363       1.524051982294e-11 
 2364       1.523605607683e-11 
 2365       1.523107212216e-11 
 2366       1.522555853007e-11 
 2367       1.521950584307e-11 
 2368       1.521290457502e-11 
 2369       1.520574521108e-11 
 2370       1.519801820772e-11 
 2371       1.518971399265e-11 
 2372       1.518082296481e-11 
 2373       1.517133549437e-11 
 2374       1.516124192263e-11 
 2375       1.515053256205e-11 
 2376       1.513919769621e-11 
 2377       1.512722959175e-11 
 2378       1.511462854789e-11 
 2379       1.510139688410e-11 
 2380       1.508753693156e-11 
 2381       1.507305103315e-11 
 2382       1.505794154345e-11 
 2383       1.504221082876e-11 
 2384       1.502586126714e-11 
 2385       1.500889524839e-11 
 2386       1.499131517407e-11 
 2387       1.497312345755e-11 
 2388       1.495432252397e-11 
 2389       1.493491481027e-11 
 2390       1.491490276523e-11 
 2391       1.489428884947e-11 
 2392       1.487307553543e-11 
 2393       1.485126530743e-11 
 2394       1.482886066168e-11 
 2395       1.480586410625e-11 
 2396       1.478227816114e-11 
 2397       1.475810535824e-11 
 2398       1.473334824139e-11 
 2399       1.470800936637e-11 
 2400       1.468209130092e-11 
 2401       1.465559662473e-11 
 2402       1.462852792951e-11 
 2403       1.460088781893e-11 
 2404       1.457267890871e-11 
 2405       1.454390382656e-11 
 2406       1.451456521225e-11 
 2407       1.448466571760e-11 
 2408       1.445420800649e-11 
 2409       1.442319475489e-11 
 2410       1.439162865085e-11 
 2411       1.435951239454e-11 
 2412       1.432684869825e-11 
 2413       1.429364028638e-11 
 2414       1.425988989551e-11 
 2415       1.422560027436e-11 
 2416       1.419077532086e-11 
 2417       1.415542350069e-11 
 2418       1.411955444947e-11 
 2419       1.408317783768e-11 
 2420       1.404630337063e-11 
 2421       1.400894078858e-11 
 2422       1.397109986674e-11 
 2423       1.393279041527e-11 
 2424       1.389402227940e-11 
 2425       1.385480533938e-11 
 2426       1.381514951059e-11 
 2427       1.377506474351e-11 
 2428       1.373456102382e-11 
 2429       1.369364837240e-11 
 2430       1.365233684537e-11 
 2431       1.361063653412e-11 
 2432       1.356855756539e-11 
 2433       1.352611010124e-11 
 2434       1.348330433916e-11 
 2435       1.344015051205e-11 
 2436       1.339665888826e-11 
 2437       1.335283977168e-11 
 2438       1.330870350170e-11 
 2439       1.326426045333e-11 
 2440       1.321952103717e-11 
 2441       1.317449569947e-11 
 2442       1.312919492218e-11 
 2443       1.308362922296e-11 
 2444       1.303780915525e-11 
 2445       1.299174530828e-11 
 2446       1.294544830712e-11 
 2447       1.289892881270e-11 
 2448       1.285219752189e-11 
 2449       1.280526516748e-11 
 2450       1.275814251824e-11 
 2451       1.271084037900e-11 
 2452       1.266336959060e-11 
 2453       1.261574103001e-11 
 2454       1.256796561032e-11 
 2455       1.252005423722e-11 
 2456       1.247201767813e-11 
 2457       1.242386669234e-11 
 2458       1.237561207459e-11 
 2459       1.232726465507e-11 
 2460       1.227883529948e-11 
 2461       1.223033490905e-11 
 2462       1.218177442058e-11 
 2463       1.213316480648e-11 
 2464       1.208451707480e-11 
 2465       1.203584226929e-11 
 2466       1.198715146938e-11 
 2467       1.193845579028e-11 
 2468       1.188976638298e-11 
 2469       1.184109443430e-11 
 2470       1.179245116691e-11 
 2471       1.174384783938e-11 
 2472       1.169529574622e-11 
 2473       1.164680621789e-11 
 2474       1.159839062089e-11 
 2475       1.155006035771e-11 
 2476       1.150182686697e-11 
 2477       1.145370162337e-11 
 2478       1.140569613776e-11 
 2479       1.135782195720e-11 
 2480       1.131009066495e-11 
 2481       1.126251388052e-11 
 2482       1.121510325974e-11 
 2483       1.116787049475e-11 
 2484       1.112082731407e-11 
 2485       1.107398548260e-11 
 2486       1.102735680170e-11 
 2487       1.098095310920e-11 
 2488       1.093478627942e-11 
 2489       1.088886822327e-11 
 2490       1.084321088819e-11 
 2491       1.079782625828e-11 
 2492       1.075272635427e-11 
 2493       1.070792323359e-11 
 2494       1.066342233273e-11 
 2495       1.061920245154e-11 
 2496       1.057523565148e-11 
 2497       1.053149390255e-11 
 2498       1.048794908315e-11 
 2499       1.044457298005e-11 
 2500       1.040133728823e-11 
