# dimensionless total [l(l+1)/2pi] C_l's
# for l=2 to 2500, i.e. number of multipoles equal to 2499
#
# -> if you prefer output in CAMB/HealPix/LensPix units/order, set 'format' to 'camb' in input file
# -> if you don't want to see such a header, set 'headers' to 'no' in input file
#
# 1:l     2:TT                 
    2       1.372149324039e-10 
    3       1.299345633395e-10 
    4       1.230221628260e-10 
    5       1.178363644735e-10 
    6       1.142727482239e-10 
    7       1.119949684301e-10 
    8       1.106627729924e-10 
    9       1.100393036707e-10 
   10       1.099345633337e-10 
   11       1.102376839134e-10 
   12       1.108830120359e-10 
   13       1.117606902558e-10 
   14       1.127922113582e-10 
   15       1.140008564877e-10 
   16       1.153888763057e-10 
   17       1.168409306629e-10 
   18       1.183914699246e-10 
   19       1.200551119220e-10 
   20       1.217691376274e-10 
   21       1.235479125250e-10 
   22       1.253973683838e-10 
   23       1.273057742570e-10 
   24       1.292392148193e-10 
   25       1.312184983768e-10 
   26       1.332623272871e-10 
   27       1.353550957880e-10 
   28       1.374631088597e-10 
   29       1.395944067902e-10 
   30       1.417599264202e-10 
   31       1.439601720913e-10 
   32       1.461972386674e-10 
   33       1.484645872962e-10 
   34       1.507497727155e-10 
   35       1.530599594411e-10 
   36       1.554037264429e-10 
   37       1.577842549114e-10 
   38       1.602016085931e-10 
   39       1.626499897523e-10 
   40       1.651162375977e-10 
   41       1.675857777975e-10 
   42       1.700644727623e-10 
   43       1.725627133998e-10 
   44       1.750891533173e-10 
   45       1.776499113462e-10 
   46       1.802464591763e-10 
   47       1.828766948208e-10 
   48       1.855351811975e-10 
   49       1.882128745006e-10 
   50       1.909006548721e-10 
   51       1.936016784028e-10 
   52       1.963219084179e-10 
   53       1.990665157206e-10 
   54       2.018397858962e-10 
   55       2.046448999920e-10 
   56       2.074834251102e-10 
   57       2.103555349036e-10 
   58       2.132600296092e-10 
   59       2.161942384186e-10 
   60       2.191539218493e-10 
   61       2.221349020114e-10 
   62       2.251386018854e-10 
   63       2.281675818088e-10 
   64       2.312238793391e-10 
   65       2.343089664496e-10 
   66       2.374237067256e-10 
   67       2.405683125595e-10 
   68       2.437427758851e-10 
   69       2.469483574086e-10 
   70       2.501863236258e-10 
   71       2.534574698406e-10 
   72       2.567620894717e-10 
   73       2.600999433590e-10 
   74       2.634702290707e-10 
   75       2.668715502099e-10 
   76       2.703025189773e-10 
   77       2.737637585642e-10 
   78       2.772562118385e-10 
   79       2.807805230607e-10 
   80       2.843370201762e-10 
   81       2.879256971072e-10 
   82       2.915461960447e-10 
   83       2.951977897413e-10 
   84       2.988797482038e-10 
   85       3.025925474076e-10 
   86       3.063368294271e-10 
   87       3.101130247690e-10 
   88       3.139213411248e-10 
   89       3.177617521233e-10 
   90       3.216339860838e-10 
   91       3.255375147684e-10 
   92       3.294715421346e-10 
   93       3.334352771787e-10 
   94       3.374288238347e-10 
   95       3.414524047440e-10 
   96       3.455060818408e-10 
   97       3.495897490048e-10 
   98       3.537031247130e-10 
   99       3.578457446929e-10 
  100       3.620169545738e-10 
  101       3.662159025398e-10 
  102       3.704415319820e-10 
  103       3.746925741508e-10 
  104       3.789678184787e-10 
  105       3.832669809639e-10 
  106       3.875899399404e-10 
  107       3.919364646386e-10 
  108       3.963062108886e-10 
  109       4.006987168239e-10 
  110       4.051133985853e-10 
  111       4.095495460240e-10 
  112       4.140063184061e-10 
  113       4.184827401152e-10 
  114       4.229776963572e-10 
  115       4.274899288628e-10 
  116       4.320182069532e-10 
  117       4.365618735143e-10 
  118       4.411203576433e-10 
  119       4.456930025112e-10 
  120       4.502790626174e-10 
  121       4.548777010430e-10 
  122       4.594879867058e-10 
  123       4.641088916138e-10 
  124       4.687392881198e-10 
  125       4.733779461754e-10 
  126       4.780235305848e-10 
  127       4.826745982597e-10 
  128       4.873295954726e-10 
  129       4.919870207405e-10 
  130       4.966459395075e-10 
  131       5.013055209974e-10 
  132       5.059648761000e-10 
  133       5.106230558110e-10 
  134       5.152790496710e-10 
  135       5.199317842050e-10 
  136       5.245801213616e-10 
  137       5.292228569524e-10 
  138       5.338587190912e-10 
  139       5.384863666338e-10 
  140       5.431043876165e-10 
  141       5.477112976962e-10 
  142       5.523055385894e-10 
  143       5.568854765113e-10 
  144       5.614495313433e-10 
  145       5.659965817799e-10 
  146       5.705255973427e-10 
  147       5.750355104373e-10 
  148       5.795252155439e-10 
  149       5.839935684079e-10 
  150       5.884393852305e-10 
  151       5.928614418595e-10 
  152       5.972584729798e-10 
  153       6.016291713039e-10 
  154       6.059721867630e-10 
  155       6.102861256969e-10 
  156       6.145695500456e-10 
  157       6.188209765389e-10 
  158       6.230388758878e-10 
  159       6.272216719748e-10 
  160       6.313677410447e-10 
  161       6.354755236939e-10 
  162       6.395438736686e-10 
  163       6.435717385085e-10 
  164       6.475580492340e-10 
  165       6.515017200563e-10 
  166       6.554016480864e-10 
  167       6.592567130449e-10 
  168       6.630657769719e-10 
  169       6.668276839363e-10 
  170       6.705412597453e-10 
  171       6.742053116543e-10 
  172       6.778186280766e-10 
  173       6.813799782926e-10 
  174       6.848881121595e-10 
  175       6.883417598214e-10 
  176       6.917396314182e-10 
  177       6.950804167957e-10 
  178       6.983627852151e-10 
  179       7.015853850624e-10 
  180       7.047469317212e-10 
  181       7.078464796075e-10 
  182       7.108831712507e-10 
  183       7.138561511088e-10 
  184       7.167645656019e-10 
  185       7.196075631470e-10 
  186       7.223842941922e-10 
  187       7.250939112510e-10 
  188       7.277355689369e-10 
  189       7.303084239972e-10 
  190       7.328116353479e-10 
  191       7.352443641078e-10 
  192       7.376057736325e-10 
  193       7.398950295496e-10 
  194       7.421112997919e-10 
  195       7.442537546327e-10 
  196       7.463215667198e-10 
  197       7.483139111095e-10 
  198       7.502299653015e-10 
  199       7.520689092728e-10 
  200       7.538299255122e-10 
  201       7.555122578967e-10 
  202       7.571153929352e-10 
  203       7.586388915525e-10 
  204       7.600823316177e-10 
  205       7.614453081527e-10 
  206       7.627274335401e-10 
  207       7.639283377319e-10 
  208       7.650476684571e-10 
  209       7.660850914308e-10 
  210       7.670402905614e-10 
  211       7.679129681599e-10 
  212       7.687028451474e-10 
  213       7.694096612637e-10 
  214       7.700331752752e-10 
  215       7.705731651837e-10 
  216       7.710294284340e-10 
  217       7.714017821228e-10 
  218       7.716900632063e-10 
  219       7.718941287089e-10 
  220       7.720138559313e-10 
  221       7.720491426586e-10 
  222       7.719999073688e-10 
  223       7.718660894408e-10 
  224       7.716476698042e-10 
  225       7.713447339306e-10 
  226       7.709574132960e-10 
  227       7.704858655585e-10 
  228       7.699302748158e-10 
  229       7.692908518615e-10 
  230       7.685678344425e-10 
  231       7.677614875158e-10 
  232       7.668721035050e-10 
  233       7.659000025579e-10 
  234       7.648455328029e-10 
  235       7.637090706062e-10 
  236       7.624910208283e-10 
  237       7.611918170816e-10 
  238       7.598119219866e-10 
  239       7.583518274293e-10 
  240       7.568120548178e-10 
  241       7.551931553394e-10 
  242       7.534957102175e-10 
  243       7.517203309686e-10 
  244       7.498676596587e-10 
  245       7.479383691609e-10 
  246       7.459331634121e-10 
  247       7.438527776694e-10 
  248       7.416979787679e-10 
  249       7.394695653769e-10 
  250       7.371683416697e-10 
  251       7.347950361168e-10 
  252       7.323503785046e-10 
  253       7.298351263052e-10 
  254       7.272500648833e-10 
  255       7.245960077015e-10 
  256       7.218737965271e-10 
  257       7.190843016375e-10 
  258       7.162284220268e-10 
  259       7.133070856116e-10 
  260       7.103212494371e-10 
  261       7.072718998830e-10 
  262       7.041600528701e-10 
  263       7.009867540657e-10 
  264       6.977530790902e-10 
  265       6.944601337228e-10 
  266       6.911090541078e-10 
  267       6.877010069606e-10 
  268       6.842371897737e-10 
  269       6.807188310228e-10 
  270       6.771471903730e-10 
  271       6.735235588847e-10 
  272       6.698492592198e-10 
  273       6.661256458475e-10 
  274       6.623541052506e-10 
  275       6.585360561319e-10 
  276       6.546729496193e-10 
  277       6.507662694730e-10 
  278       6.468175322907e-10 
  279       6.428282072393e-10 
  280       6.387994702210e-10 
  281       6.347324373722e-10 
  282       6.306282444735e-10 
  283       6.264880470313e-10 
  284       6.223130203614e-10 
  285       6.181043596703e-10 
  286       6.138632801386e-10 
  287       6.095910170028e-10 
  288       6.052888256383e-10 
  289       6.009579816412e-10 
  290       5.965997809113e-10 
  291       5.922155397344e-10 
  292       5.878065948646e-10 
  293       5.833743036068e-10 
  294       5.789200438995e-10 
  295       5.744452143966e-10 
  296       5.699512345503e-10 
  297       5.654395446937e-10 
  298       5.609116061227e-10 
  299       5.563689011789e-10 
  300       5.518129333319e-10 
  301       5.472452272618e-10 
  302       5.426673289414e-10 
  303       5.380808057193e-10 
  304       5.334872464014e-10 
  305       5.288882613341e-10 
  306       5.242854824867e-10 
  307       5.196805635332e-10 
  308       5.150751799357e-10 
  309       5.104710290260e-10 
  310       5.058698300887e-10 
  311       5.012733244431e-10 
  312       4.966831576628e-10 
  313       4.921005200240e-10 
  314       4.875264895350e-10 
  315       4.829621482334e-10 
  316       4.784085821236e-10 
  317       4.738668811143e-10 
  318       4.693381389564e-10 
  319       4.648234531803e-10 
  320       4.603239250340e-10 
  321       4.558406594201e-10 
  322       4.513747648339e-10 
  323       4.469273533007e-10 
  324       4.424995403139e-10 
  325       4.380924447718e-10 
  326       4.337071889162e-10 
  327       4.293448982693e-10 
  328       4.250067015715e-10 
  329       4.206937307191e-10 
  330       4.164071207021e-10 
  331       4.121480095412e-10 
  332       4.079175382263e-10 
  333       4.037168506533e-10 
  334       3.995470935622e-10 
  335       3.954094164747e-10 
  336       3.913049716314e-10 
  337       3.872349139300e-10 
  338       3.832004008626e-10 
  339       3.792025924533e-10 
  340       3.752426511959e-10 
  341       3.713217419916e-10 
  342       3.674410320864e-10 
  343       3.636016910090e-10 
  344       3.598048905080e-10 
  345       3.560518044901e-10 
  346       3.523436089572e-10 
  347       3.486814819444e-10 
  348       3.450666034571e-10 
  349       3.415000540119e-10 
  350       3.379825057321e-10 
  351       3.345145182987e-10 
  352       3.310966390284e-10 
  353       3.277294027120e-10 
  354       3.244133314520e-10 
  355       3.211489345008e-10 
  356       3.179367080989e-10 
  357       3.147771353124e-10 
  358       3.116706858716e-10 
  359       3.086178160085e-10 
  360       3.056189682952e-10 
  361       3.026745714816e-10 
  362       2.997850403336e-10 
  363       2.969507754711e-10 
  364       2.941721632058e-10 
  365       2.914495753795e-10 
  366       2.887833692020e-10 
  367       2.861738870889e-10 
  368       2.836214564999e-10 
  369       2.811263897767e-10 
  370       2.786889839810e-10 
  371       2.763095207324e-10 
  372       2.739882660466e-10 
  373       2.717254701733e-10 
  374       2.695213674342e-10 
  375       2.673761760612e-10 
  376       2.652900980339e-10 
  377       2.632633189182e-10 
  378       2.612960077039e-10 
  379       2.593883166431e-10 
  380       2.575403810877e-10 
  381       2.557523193279e-10 
  382       2.540242324296e-10 
  383       2.523562040733e-10 
  384       2.507483003912e-10 
  385       2.492005698058e-10 
  386       2.477130428676e-10 
  387       2.462857320932e-10 
  388       2.449186141342e-10 
  389       2.436115758781e-10 
  390       2.423644660135e-10 
  391       2.411771123414e-10 
  392       2.400493215994e-10 
  393       2.389808792855e-10 
  394       2.379715494824e-10 
  395       2.370210746808e-10 
  396       2.361291756041e-10 
  397       2.352955510320e-10 
  398       2.345198776245e-10 
  399       2.338018097456e-10 
  400       2.331409792877e-10 
  401       2.325369954955e-10 
  402       2.319894447896e-10 
  403       2.314978905907e-10 
  404       2.310618731437e-10 
  405       2.306809093414e-10 
  406       2.303544925485e-10 
  407       2.300820924257e-10 
  408       2.298631547536e-10 
  409       2.296971012566e-10 
  410       2.295833294268e-10 
  411       2.295212123482e-10 
  412       2.295100985204e-10 
  413       2.295493116828e-10 
  414       2.296381506384e-10 
  415       2.297758890776e-10 
  416       2.299617754026e-10 
  417       2.301950325509e-10 
  418       2.304748578197e-10 
  419       2.308004226893e-10 
  420       2.311708726477e-10 
  421       2.315853270140e-10 
  422       2.320428787628e-10 
  423       2.325425943478e-10 
  424       2.330835135260e-10 
  425       2.336646491816e-10 
  426       2.342849871497e-10 
  427       2.349435666110e-10 
  428       2.356397246439e-10 
  429       2.363728596464e-10 
  430       2.371423513942e-10 
  431       2.379475609184e-10 
  432       2.387878303815e-10 
  433       2.396624829549e-10 
  434       2.405708226954e-10 
  435       2.415121344223e-10 
  436       2.424856835942e-10 
  437       2.434907161857e-10 
  438       2.445264585644e-10 
  439       2.455921173679e-10 
  440       2.466868793803e-10 
  441       2.478099114093e-10 
  442       2.489603601632e-10 
  443       2.501373521275e-10 
  444       2.513399934418e-10 
  445       2.525673697767e-10 
  446       2.538185462109e-10 
  447       2.550925671076e-10 
  448       2.563884559916e-10 
  449       2.577052154264e-10 
  450       2.590418268906e-10 
  451       2.603972506552e-10 
  452       2.617704256600e-10 
  453       2.631602693909e-10 
  454       2.645656777565e-10 
  455       2.659855249651e-10 
  456       2.674186634015e-10 
  457       2.688639235038e-10 
  458       2.703201136402e-10 
  459       2.717860199864e-10 
  460       2.732604064017e-10 
  461       2.747420143062e-10 
  462       2.762295625579e-10 
  463       2.777217473291e-10 
  464       2.792172419838e-10 
  465       2.807146969539e-10 
  466       2.822128796686e-10 
  467       2.837110993957e-10 
  468       2.852087954123e-10 
  469       2.867053981051e-10 
  470       2.882003289249e-10 
  471       2.896930003405e-10 
  472       2.911828157925e-10 
  473       2.926691696479e-10 
  474       2.941514471537e-10 
  475       2.956290243914e-10 
  476       2.971012682307e-10 
  477       2.985675362840e-10 
  478       3.000271768602e-10 
  479       3.014795289187e-10 
  480       3.029239220240e-10 
  481       3.043596762992e-10 
  482       3.057861023804e-10 
  483       3.072025013707e-10 
  484       3.086081647944e-10 
  485       3.100023745508e-10 
  486       3.113844028687e-10 
  487       3.127535122602e-10 
  488       3.141089554749e-10 
  489       3.154499754538e-10 
  490       3.167758052839e-10 
  491       3.180856681515e-10 
  492       3.193787772971e-10 
  493       3.206543359689e-10 
  494       3.219115373770e-10 
  495       3.231495646479e-10 
  496       3.243675907781e-10 
  497       3.255647785883e-10 
  498       3.267402806777e-10 
  499       3.278932393779e-10 
  500       3.290227867069e-10 
  501       3.301280443236e-10 
  502       3.312081234814e-10 
  503       3.322621249825e-10 
  504       3.332891391321e-10 
  505       3.342883762730e-10 
  506       3.352595626192e-10 
  507       3.362025557353e-10 
  508       3.371172150028e-10 
  509       3.380034016353e-10 
  510       3.388609786940e-10 
  511       3.396898111029e-10 
  512       3.404897656645e-10 
  513       3.412607110751e-10 
  514       3.420025179401e-10 
  515       3.427150587896e-10 
  516       3.433982080936e-10 
  517       3.440518422776e-10 
  518       3.446758397380e-10 
  519       3.452700808573e-10 
  520       3.458344480198e-10 
  521       3.463688256268e-10 
  522       3.468731001121e-10 
  523       3.473471599575e-10 
  524       3.477908957078e-10 
  525       3.482041999868e-10 
  526       3.485869675124e-10 
  527       3.489390951119e-10 
  528       3.492604817377e-10 
  529       3.495510284824e-10 
  530       3.498106385945e-10 
  531       3.500392174937e-10 
  532       3.502366727861e-10 
  533       3.504029142801e-10 
  534       3.505378540013e-10 
  535       3.506414062082e-10 
  536       3.507134874075e-10 
  537       3.507540163696e-10 
  538       3.507629141438e-10 
  539       3.507401040742e-10 
  540       3.506855118145e-10 
  541       3.505990653438e-10 
  542       3.504806949819e-10 
  543       3.503303334047e-10 
  544       3.501479782713e-10 
  545       3.499338819161e-10 
  546       3.496883667631e-10 
  547       3.494117632143e-10 
  548       3.491044096900e-10 
  549       3.487666526699e-10 
  550       3.483988467338e-10 
  551       3.480013546022e-10 
  552       3.475745471773e-10 
  553       3.471188035836e-10 
  554       3.466345112087e-10 
  555       3.461220657438e-10 
  556       3.455818712249e-10 
  557       3.450143400733e-10 
  558       3.444198931364e-10 
  559       3.437989597284e-10 
  560       3.431519776711e-10 
  561       3.424793933345e-10 
  562       3.417816616781e-10 
  563       3.410592462907e-10 
  564       3.403126194322e-10 
  565       3.395422620736e-10 
  566       3.387486639381e-10 
  567       3.379323235417e-10 
  568       3.370937482339e-10 
  569       3.362334542390e-10 
  570       3.353519666959e-10 
  571       3.344498196998e-10 
  572       3.335275563422e-10 
  573       3.325857287521e-10 
  574       3.316248981369e-10 
  575       3.306456348224e-10 
  576       3.296485182944e-10 
  577       3.286341372390e-10 
  578       3.276030895835e-10 
  579       3.265559825369e-10 
  580       3.254934326311e-10 
  581       3.244160657612e-10 
  582       3.233245172267e-10 
  583       3.222194078816e-10 
  584       3.211012718488e-10 
  585       3.199706270807e-10 
  586       3.188279991180e-10 
  587       3.176739211223e-10 
  588       3.165089339081e-10 
  589       3.153335859756e-10 
  590       3.141484335426e-10 
  591       3.129540405769e-10 
  592       3.117509788290e-10 
  593       3.105398278639e-10 
  594       3.093211750940e-10 
  595       3.080956158107e-10 
  596       3.068637532176e-10 
  597       3.056261984621e-10 
  598       3.043835706683e-10 
  599       3.031364969687e-10 
  600       3.018856125372e-10 
  601       3.006315606210e-10 
  602       2.993749925732e-10 
  603       2.981165678847e-10 
  604       2.968569542171e-10 
  605       2.955968274347e-10 
  606       2.943368716369e-10 
  607       2.930777791903e-10 
  608       2.918202507616e-10 
  609       2.905649953495e-10 
  610       2.893127303169e-10 
  611       2.880641814238e-10 
  612       2.868200828590e-10 
  613       2.855811772729e-10 
  614       2.843482158095e-10 
  615       2.831219581391e-10 
  616       2.819031724903e-10 
  617       2.806926356825e-10 
  618       2.794911331580e-10 
  619       2.782994590149e-10 
  620       2.771184160386e-10 
  621       2.759488157350e-10 
  622       2.747913975804e-10 
  623       2.736465846307e-10 
  624       2.725147222514e-10 
  625       2.713961583883e-10 
  626       2.702912435750e-10 
  627       2.692003309403e-10 
  628       2.681237762153e-10 
  629       2.670619377407e-10 
  630       2.660151764744e-10 
  631       2.649838559985e-10 
  632       2.639683425267e-10 
  633       2.629690049119e-10 
  634       2.619862146531e-10 
  635       2.610203459029e-10 
  636       2.600717754748e-10 
  637       2.591408828508e-10 
  638       2.582280501882e-10 
  639       2.573336623272e-10 
  640       2.564581067981e-10 
  641       2.556017738290e-10 
  642       2.547650563526e-10 
  643       2.539483500137e-10 
  644       2.531520531767e-10 
  645       2.523765669327e-10 
  646       2.516222951069e-10 
  647       2.508896442659e-10 
  648       2.501790237251e-10 
  649       2.494908455559e-10 
  650       2.488255245928e-10 
  651       2.481834784415e-10 
  652       2.475651274852e-10 
  653       2.469708948928e-10 
  654       2.464012066254e-10 
  655       2.458564914445e-10 
  656       2.453371809185e-10 
  657       2.448437094306e-10 
  658       2.443765141858e-10 
  659       2.439360352183e-10 
  660       2.435227153988e-10 
  661       2.431369184744e-10 
  662       2.427786811880e-10 
  663       2.424479557070e-10 
  664       2.421446910812e-10 
  665       2.418688332267e-10 
  666       2.416203249119e-10 
  667       2.413991057414e-10 
  668       2.412051121414e-10 
  669       2.410382773443e-10 
  670       2.408985313736e-10 
  671       2.407858010286e-10 
  672       2.407000098696e-10 
  673       2.406410782024e-10 
  674       2.406089230631e-10 
  675       2.406034582033e-10 
  676       2.406245940746e-10 
  677       2.406722378136e-10 
  678       2.407462932268e-10 
  679       2.408466607751e-10 
  680       2.409732375590e-10 
  681       2.411259173034e-10 
  682       2.413045903422e-10 
  683       2.415091436035e-10 
  684       2.417394605939e-10 
  685       2.419954213841e-10 
  686       2.422769025929e-10 
  687       2.425837773727e-10 
  688       2.429159153940e-10 
  689       2.432731828303e-10 
  690       2.436554423431e-10 
  691       2.440625530664e-10 
  692       2.444943705919e-10 
  693       2.449507469536e-10 
  694       2.454315306127e-10 
  695       2.459365664426e-10 
  696       2.464656957134e-10 
  697       2.470187560771e-10 
  698       2.475955815522e-10 
  699       2.481960025085e-10 
  700       2.488198111517e-10 
  701       2.494666572176e-10 
  702       2.501361500749e-10 
  703       2.508278930057e-10 
  704       2.515414831815e-10 
  705       2.522765116398e-10 
  706       2.530325632607e-10 
  707       2.538092167430e-10 
  708       2.546060445807e-10 
  709       2.554226130393e-10 
  710       2.562584821325e-10 
  711       2.571132055984e-10 
  712       2.579863308758e-10 
  713       2.588773990807e-10 
  714       2.597859449829e-10 
  715       2.607114969821e-10 
  716       2.616535770844e-10 
  717       2.626117008787e-10 
  718       2.635853775133e-10 
  719       2.645741096720e-10 
  720       2.655773935506e-10 
  721       2.665947188333e-10 
  722       2.676255686693e-10 
  723       2.686694196490e-10 
  724       2.697257417802e-10 
  725       2.707939984650e-10 
  726       2.718736464759e-10 
  727       2.729641359321e-10 
  728       2.740649102762e-10 
  729       2.751754062502e-10 
  730       2.762950538726e-10 
  731       2.774232764138e-10 
  732       2.785594903735e-10 
  733       2.797031054563e-10 
  734       2.808535245488e-10 
  735       2.820101436953e-10 
  736       2.831723520748e-10 
  737       2.843395319770e-10 
  738       2.855110587791e-10 
  739       2.866863299748e-10 
  740       2.878648529394e-10 
  741       2.890461588506e-10 
  742       2.902297737748e-10 
  743       2.914152186502e-10 
  744       2.926020092692e-10 
  745       2.937896562617e-10 
  746       2.949776650773e-10 
  747       2.961655359684e-10 
  748       2.973527639732e-10 
  749       2.985388388977e-10 
  750       2.997232452995e-10 
  751       3.009054624698e-10 
  752       3.020849644163e-10 
  753       3.032612198464e-10 
  754       3.044336921496e-10 
  755       3.056018393803e-10 
  756       3.067651142406e-10 
  757       3.079229640633e-10 
  758       3.090748307942e-10 
  759       3.102201509756e-10 
  760       3.113583557283e-10 
  761       3.124888707348e-10 
  762       3.136111162221e-10 
  763       3.147245069443e-10 
  764       3.158284521655e-10 
  765       3.169223556425e-10 
  766       3.180056156076e-10 
  767       3.190776247515e-10 
  768       3.201377702057e-10 
  769       3.211854335260e-10 
  770       3.222199906743e-10 
  771       3.232408120022e-10 
  772       3.242472622334e-10 
  773       3.252387004467e-10 
  774       3.262144800583e-10 
  775       3.271739488051e-10 
  776       3.281164487274e-10 
  777       3.290413161514e-10 
  778       3.299479515104e-10 
  779       3.308360302793e-10 
  780       3.317052959613e-10 
  781       3.325554906052e-10 
  782       3.333863548018e-10 
  783       3.341976276801e-10 
  784       3.349890469045e-10 
  785       3.357603486710e-10 
  786       3.365112677040e-10 
  787       3.372415372528e-10 
  788       3.379508890884e-10 
  789       3.386390534998e-10 
  790       3.393057592907e-10 
  791       3.399507337763e-10 
  792       3.405737027798e-10 
  793       3.411743906289e-10 
  794       3.417525201524e-10 
  795       3.423078126771e-10 
  796       3.428399880240e-10 
  797       3.433487645052e-10 
  798       3.438338589203e-10 
  799       3.442949865533e-10 
  800       3.447318611687e-10 
  801       3.451441950086e-10 
  802       3.455316987892e-10 
  803       3.458940816973e-10 
  804       3.462310513867e-10 
  805       3.465423139752e-10 
  806       3.468275740411e-10 
  807       3.470865346197e-10 
  808       3.473188971998e-10 
  809       3.475243617207e-10 
  810       3.477026265684e-10 
  811       3.478533885723e-10 
  812       3.479763430021e-10 
  813       3.480711835639e-10 
  814       3.481376023973e-10 
  815       3.481752900717e-10 
  816       3.481839355830e-10 
  817       3.481632940919e-10 
  818       3.481133914736e-10 
  819       3.480343234148e-10 
  820       3.479261880124e-10 
  821       3.477890857818e-10 
  822       3.476231196659e-10 
  823       3.474283950436e-10 
  824       3.472050197390e-10 
  825       3.469531040297e-10 
  826       3.466727606560e-10 
  827       3.463641048292e-10 
  828       3.460272542409e-10 
  829       3.456623290712e-10 
  830       3.452694519981e-10 
  831       3.448487482057e-10 
  832       3.444003453932e-10 
  833       3.439243737837e-10 
  834       3.434209661330e-10 
  835       3.428902577383e-10 
  836       3.423323864468e-10 
  837       3.417474926648e-10 
  838       3.411357193664e-10 
  839       3.404972121020e-10 
  840       3.398321190072e-10 
  841       3.391405908118e-10 
  842       3.384227808484e-10 
  843       3.376788450609e-10 
  844       3.369089420137e-10 
  845       3.361132329003e-10 
  846       3.352918815520e-10 
  847       3.344450544468e-10 
  848       3.335729207179e-10 
  849       3.326756521630e-10 
  850       3.317534232524e-10 
  851       3.308064111382e-10 
  852       3.298347956632e-10 
  853       3.288387593690e-10 
  854       3.278184875056e-10 
  855       3.267741680395e-10 
  856       3.257060198012e-10 
  857       3.246143774339e-10 
  858       3.234996079108e-10 
  859       3.223620825410e-10 
  860       3.212021769832e-10 
  861       3.200202712589e-10 
  862       3.188167497661e-10 
  863       3.175920012921e-10 
  864       3.163464190273e-10 
  865       3.150804005786e-10 
  866       3.137943479825e-10 
  867       3.124886677185e-10 
  868       3.111637707228e-10 
  869       3.098200724014e-10 
  870       3.084579926433e-10 
  871       3.070779558344e-10 
  872       3.056803908704e-10 
  873       3.042657311703e-10 
  874       3.028344146898e-10 
  875       3.013868839348e-10 
  876       2.999235859746e-10 
  877       2.984449724552e-10 
  878       2.969514996130e-10 
  879       2.954436282877e-10 
  880       2.939218239361e-10 
  881       2.923865566453e-10 
  882       2.908383011461e-10 
  883       2.892775368261e-10 
  884       2.877047477437e-10 
  885       2.861204226408e-10 
  886       2.845250549566e-10 
  887       2.829191428407e-10 
  888       2.813031891667e-10 
  889       2.796777015455e-10 
  890       2.780431923385e-10 
  891       2.764001786714e-10 
  892       2.747491824469e-10 
  893       2.730907303587e-10 
  894       2.714253539047e-10 
  895       2.697535669041e-10 
  896       2.680757976208e-10 
  897       2.663924555595e-10 
  898       2.647039538713e-10 
  899       2.630107093637e-10 
  900       2.613131425107e-10 
  901       2.596116774627e-10 
  902       2.579067420564e-10 
  903       2.561987678250e-10 
  904       2.544881900083e-10 
  905       2.527754475623e-10 
  906       2.510609831697e-10 
  907       2.493452432495e-10 
  908       2.476286779671e-10 
  909       2.459117412444e-10 
  910       2.441948907700e-10 
  911       2.424785880088e-10 
  912       2.407632982120e-10 
  913       2.390494904276e-10 
  914       2.373376375100e-10 
  915       2.356282161299e-10 
  916       2.339217067848e-10 
  917       2.322185938084e-10 
  918       2.305193653812e-10 
  919       2.288245135401e-10 
  920       2.271345341884e-10 
  921       2.254499271061e-10 
  922       2.237711959597e-10 
  923       2.220988483121e-10 
  924       2.204333956329e-10 
  925       2.187753533081e-10 
  926       2.171252406505e-10 
  927       2.154835809091e-10 
  928       2.138509012798e-10 
  929       2.122277329148e-10 
  930       2.106146109331e-10 
  931       2.090120744300e-10 
  932       2.074206664877e-10 
  933       2.058409341848e-10 
  934       2.042733735725e-10 
  935       2.027182636411e-10 
  936       2.011758297773e-10 
  937       1.996462985655e-10 
  938       1.981298977906e-10 
  939       1.966268564399e-10 
  940       1.951374047056e-10 
  941       1.936617739878e-10 
  942       1.922001968961e-10 
  943       1.907529072529e-10 
  944       1.893201400950e-10 
  945       1.879021316769e-10 
  946       1.864991194725e-10 
  947       1.851113421780e-10 
  948       1.837390397142e-10 
  949       1.823824532288e-10 
  950       1.810418250991e-10 
  951       1.797173989344e-10 
  952       1.784094195782e-10 
  953       1.771181331109e-10 
  954       1.758437868522e-10 
  955       1.745866293633e-10 
  956       1.733469104498e-10 
  957       1.721248811637e-10 
  958       1.709207938061e-10 
  959       1.697349019295e-10 
  960       1.685674603405e-10 
  961       1.674187251018e-10 
  962       1.662889535350e-10 
  963       1.651784042230e-10 
  964       1.640873370123e-10 
  965       1.630160130156e-10 
  966       1.619646946140e-10 
  967       1.609336454599e-10 
  968       1.599231304788e-10 
  969       1.589334158723e-10 
  970       1.579647691204e-10 
  971       1.570174589838e-10 
  972       1.560917555063e-10 
  973       1.551878758260e-10 
  974       1.543058207120e-10 
  975       1.534455355789e-10 
  976       1.526069644512e-10 
  977       1.517900499589e-10 
  978       1.509947333333e-10 
  979       1.502209544026e-10 
  980       1.494686515869e-10 
  981       1.487377618947e-10 
  982       1.480282209178e-10 
  983       1.473399628269e-10 
  984       1.466729203677e-10 
  985       1.460270248559e-10 
  986       1.454022061731e-10 
  987       1.447983927623e-10 
  988       1.442155116234e-10 
  989       1.436534883092e-10 
  990       1.431122469201e-10 
  991       1.425917101007e-10 
  992       1.420917990347e-10 
  993       1.416124334407e-10 
  994       1.411535315677e-10 
  995       1.407150101910e-10 
  996       1.402967846073e-10 
  997       1.398987686306e-10 
  998       1.395208745875e-10 
  999       1.391630133134e-10 
 1000       1.388250941473e-10 
 1001       1.385070249278e-10 
 1002       1.382087119887e-10 
 1003       1.379300601544e-10 
 1004       1.376709727356e-10 
 1005       1.374313515250e-10 
 1006       1.372110967926e-10 
 1007       1.370101072813e-10 
 1008       1.368282802030e-10 
 1009       1.366655112333e-10 
 1010       1.365216945079e-10 
 1011       1.363967226177e-10 
 1012       1.362904621955e-10 
 1013       1.362026802991e-10 
 1014       1.361331169563e-10 
 1015       1.360815094712e-10 
 1016       1.360475924165e-10 
 1017       1.360310976263e-10 
 1018       1.360317541886e-10 
 1019       1.360492884385e-10 
 1020       1.360834239504e-10 
 1021       1.361338815312e-10 
 1022       1.362003792126e-10 
 1023       1.362826322440e-10 
 1024       1.363803530856e-10 
 1025       1.364932514002e-10 
 1026       1.366210340471e-10 
 1027       1.367634050736e-10 
 1028       1.369200657089e-10 
 1029       1.370907143559e-10 
 1030       1.372750465843e-10 
 1031       1.374727551235e-10 
 1032       1.376835298550e-10 
 1033       1.379070578052e-10 
 1034       1.381430231384e-10 
 1035       1.383911071491e-10 
 1036       1.386509882549e-10 
 1037       1.389223419894e-10 
 1038       1.392048409947e-10 
 1039       1.394981550142e-10 
 1040       1.398019508854e-10 
 1041       1.401158925323e-10 
 1042       1.404396409587e-10 
 1043       1.407728542403e-10 
 1044       1.411151875179e-10 
 1045       1.414662929898e-10 
 1046       1.418258199048e-10 
 1047       1.421934145548e-10 
 1048       1.425687202674e-10 
 1049       1.429513773986e-10 
 1050       1.433410233260e-10 
 1051       1.437373061394e-10 
 1052       1.441399259376e-10 
 1053       1.445485940914e-10 
 1054       1.449630195914e-10 
 1055       1.453829090424e-10 
 1056       1.458079666574e-10 
 1057       1.462378942519e-10 
 1058       1.466723912380e-10 
 1059       1.471111546188e-10 
 1060       1.475538789825e-10 
 1061       1.480002564966e-10 
 1062       1.484499769021e-10 
 1063       1.489027275079e-10 
 1064       1.493581931846e-10 
 1065       1.498160563592e-10 
 1066       1.502759970090e-10 
 1067       1.507376926558e-10 
 1068       1.512008183604e-10 
 1069       1.516650467163e-10 
 1070       1.521300478445e-10 
 1071       1.525954893872e-10 
 1072       1.530610365025e-10 
 1073       1.535263518581e-10 
 1074       1.539910956260e-10 
 1075       1.544549254761e-10 
 1076       1.549174965712e-10 
 1077       1.553784615606e-10 
 1078       1.558374705744e-10 
 1079       1.562941712179e-10 
 1080       1.567482085659e-10 
 1081       1.571992251563e-10 
 1082       1.576468609853e-10 
 1083       1.580907535005e-10 
 1084       1.585305375961e-10 
 1085       1.589658456064e-10 
 1086       1.593963073004e-10 
 1087       1.598215498758e-10 
 1088       1.602411979535e-10 
 1089       1.606548735714e-10 
 1090       1.610622349790e-10 
 1091       1.614630936005e-10 
 1092       1.618572986282e-10 
 1093       1.622446983625e-10 
 1094       1.626251402100e-10 
 1095       1.629984706818e-10 
 1096       1.633645353915e-10 
 1097       1.637231790533e-10 
 1098       1.640742454802e-10 
 1099       1.644175775823e-10 
 1100       1.647530173646e-10 
 1101       1.650804059251e-10 
 1102       1.653995834534e-10 
 1103       1.657103892283e-10 
 1104       1.660126616163e-10 
 1105       1.663062380694e-10 
 1106       1.665909551234e-10 
 1107       1.668666483963e-10 
 1108       1.671331525857e-10 
 1109       1.673903014678e-10 
 1110       1.676379278948e-10 
 1111       1.678758637935e-10 
 1112       1.681039401630e-10 
 1113       1.683219870735e-10 
 1114       1.685298336635e-10 
 1115       1.687273081388e-10 
 1116       1.689142377700e-10 
 1117       1.690904488911e-10 
 1118       1.692557668973e-10 
 1119       1.694100162432e-10 
 1120       1.695530204408e-10 
 1121       1.696846020582e-10 
 1122       1.698045827169e-10 
 1123       1.699127830906e-10 
 1124       1.700090229028e-10 
 1125       1.700931209253e-10 
 1126       1.701648949764e-10 
 1127       1.702241619185e-10 
 1128       1.702707376567e-10 
 1129       1.703044761039e-10 
 1130       1.703253866316e-10 
 1131       1.703335181358e-10 
 1132       1.703289202091e-10 
 1133       1.703116431430e-10 
 1134       1.702817379294e-10 
 1135       1.702392562624e-10 
 1136       1.701842505404e-10 
 1137       1.701167738673e-10 
 1138       1.700368800548e-10 
 1139       1.699446236240e-10 
 1140       1.698400598074e-10 
 1141       1.697232445503e-10 
 1142       1.695942345128e-10 
 1143       1.694530870717e-10 
 1144       1.692998603221e-10 
 1145       1.691346130794e-10 
 1146       1.689574048807e-10 
 1147       1.687682959872e-10 
 1148       1.685673473853e-10 
 1149       1.683546207890e-10 
 1150       1.681301786414e-10 
 1151       1.678940841164e-10 
 1152       1.676464011206e-10 
 1153       1.673871942953e-10 
 1154       1.671165290178e-10 
 1155       1.668344714038e-10 
 1156       1.665410883086e-10 
 1157       1.662364473293e-10 
 1158       1.659206168065e-10 
 1159       1.655936658260e-10 
 1160       1.652556642204e-10 
 1161       1.649066825716e-10 
 1162       1.645467922118e-10 
 1163       1.641760652255e-10 
 1164       1.637945744518e-10 
 1165       1.634023934855e-10 
 1166       1.629995966793e-10 
 1167       1.625862591452e-10 
 1168       1.621624749819e-10 
 1169       1.617284121997e-10 
 1170       1.612842584862e-10 
 1171       1.608302030468e-10 
 1172       1.603664366083e-10 
 1173       1.598931514224e-10 
 1174       1.594105412685e-10 
 1175       1.589188014580e-10 
 1176       1.584181288368e-10 
 1177       1.579087217894e-10 
 1178       1.573907802418e-10 
 1179       1.568645056652e-10 
 1180       1.563301010793e-10 
 1181       1.557877710555e-10 
 1182       1.552377217206e-10 
 1183       1.546801607600e-10 
 1184       1.541152974212e-10 
 1185       1.535433425172e-10 
 1186       1.529645084297e-10 
 1187       1.523790091127e-10 
 1188       1.517870600957e-10 
 1189       1.511888784875e-10 
 1190       1.505846829789e-10 
 1191       1.499746938469e-10 
 1192       1.493591329574e-10 
 1193       1.487382237691e-10 
 1194       1.481121913364e-10 
 1195       1.474812623134e-10 
 1196       1.468456649567e-10 
 1197       1.462056291291e-10 
 1198       1.455613863032e-10 
 1199       1.449131695641e-10 
 1200       1.442612136136e-10 
 1201       1.436057547730e-10 
 1202       1.429470309869e-10 
 1203       1.422852818263e-10 
 1204       1.416207484921e-10 
 1205       1.409536738185e-10 
 1206       1.402843022764e-10 
 1207       1.396128711025e-10 
 1208       1.389395835619e-10 
 1209       1.382646353688e-10 
 1210       1.375882235332e-10 
 1211       1.369105463646e-10 
 1212       1.362318034738e-10 
 1213       1.355521957759e-10 
 1214       1.348719254933e-10 
 1215       1.341911961577e-10 
 1216       1.335102126132e-10 
 1217       1.328291810189e-10 
 1218       1.321483088515e-10 
 1219       1.314678049079e-10 
 1220       1.307878793081e-10 
 1221       1.301087434976e-10 
 1222       1.294306102502e-10 
 1223       1.287536936706e-10 
 1224       1.280782091970e-10 
 1225       1.274043736042e-10 
 1226       1.267324050055e-10 
 1227       1.260625228561e-10 
 1228       1.253949479552e-10 
 1229       1.247299024491e-10 
 1230       1.240676098335e-10 
 1231       1.234082949564e-10 
 1232       1.227521840208e-10 
 1233       1.220995045872e-10 
 1234       1.214504855761e-10 
 1235       1.208053572711e-10 
 1236       1.201643513213e-10 
 1237       1.195277007441e-10 
 1238       1.188956399275e-10 
 1239       1.182684046333e-10 
 1240       1.176462319993e-10 
 1241       1.170293605423e-10 
 1242       1.164180301605e-10 
 1243       1.158124821363e-10 
 1244       1.152129591389e-10 
 1245       1.146197052272e-10 
 1246       1.140329393945e-10 
 1247       1.134527758592e-10 
 1248       1.128793028443e-10 
 1249       1.123126089511e-10 
 1250       1.117527831592e-10 
 1251       1.111999148279e-10 
 1252       1.106540936962e-10 
 1253       1.101154098837e-10 
 1254       1.095839538910e-10 
 1255       1.090598166007e-10 
 1256       1.085430892777e-10 
 1257       1.080338635698e-10 
 1258       1.075322315086e-10 
 1259       1.070382855099e-10 
 1260       1.065521183742e-10 
 1261       1.060738232878e-10 
 1262       1.056034938229e-10 
 1263       1.051412239383e-10 
 1264       1.046871079805e-10 
 1265       1.042412406836e-10 
 1266       1.038037171705e-10 
 1267       1.033746329533e-10 
 1268       1.029540839337e-10 
 1269       1.025421664042e-10 
 1270       1.021389770479e-10 
 1271       1.017446129400e-10 
 1272       1.013591715478e-10 
 1273       1.009827507314e-10 
 1274       1.006154487447e-10 
 1275       1.002573642356e-10 
 1276       9.990859624670e-11 
 1277       9.956924421609e-11 
 1278       9.923940797785e-11 
 1279       9.891918776269e-11 
 1280       9.860868419854e-11 
 1281       9.830799831121e-11 
 1282       9.801723152500e-11 
 1283       9.773648566329e-11 
 1284       9.746586294919e-11 
 1285       9.720543959677e-11 
 1286       9.695518625464e-11 
 1287       9.671504665845e-11 
 1288       9.648496395686e-11 
 1289       9.626488071025e-11 
 1290       9.605473888940e-11 
 1291       9.585447987422e-11 
 1292       9.566404445244e-11 
 1293       9.548337281829e-11 
 1294       9.531240457124e-11 
 1295       9.515107871466e-11 
 1296       9.499933365456e-11 
 1297       9.485710719826e-11 
 1298       9.472433655311e-11 
 1299       9.460095832519e-11 
 1300       9.448690851800e-11 
 1301       9.438212253116e-11 
 1302       9.428653515913e-11 
 1303       9.420008058989e-11 
 1304       9.412269240367e-11 
 1305       9.405430357161e-11 
 1306       9.399484645449e-11 
 1307       9.394425280143e-11 
 1308       9.390245374857e-11 
 1309       9.386937981781e-11 
 1310       9.384496091548e-11 
 1311       9.382912633102e-11 
 1312       9.382180473576e-11 
 1313       9.382292418153e-11 
 1314       9.383241209942e-11 
 1315       9.385019529846e-11 
 1316       9.387619996433e-11 
 1317       9.391035165805e-11 
 1318       9.395257531468e-11 
 1319       9.400279524204e-11 
 1320       9.406093511939e-11 
 1321       9.412691799615e-11 
 1322       9.420066629058e-11 
 1323       9.428210178850e-11 
 1324       9.437113409322e-11 
 1325       9.446762583833e-11 
 1326       9.457142708818e-11 
 1327       9.468238684966e-11 
 1328       9.480035307017e-11 
 1329       9.492517263545e-11 
 1330       9.505669136758e-11 
 1331       9.519475402283e-11 
 1332       9.533920428959e-11 
 1333       9.548988478628e-11 
 1334       9.564663705927e-11 
 1335       9.580930158078e-11 
 1336       9.597771774681e-11 
 1337       9.615172387500e-11 
 1338       9.633115720261e-11 
 1339       9.651585388439e-11 
 1340       9.670564899049e-11 
 1341       9.690037650439e-11 
 1342       9.709986932081e-11 
 1343       9.730395924359e-11 
 1344       9.751247698364e-11 
 1345       9.772525215684e-11 
 1346       9.794211328194e-11 
 1347       9.816288777847e-11 
 1348       9.838740196467e-11 
 1349       9.861548105539e-11 
 1350       9.884694916000e-11 
 1351       9.908162928030e-11 
 1352       9.931934330842e-11 
 1353       9.955991202478e-11 
 1354       9.980315509593e-11 
 1355       1.000488910725e-10 
 1356       1.002969373872e-10 
 1357       1.005471103525e-10 
 1358       1.007992251587e-10 
 1359       1.010530958719e-10 
 1360       1.013085354318e-10 
 1361       1.015653556496e-10 
 1362       1.018233672061e-10 
 1363       1.020823872528e-10 
 1364       1.023422623098e-10 
 1365       1.026028456094e-10 
 1366       1.028639895138e-10 
 1367       1.031255455128e-10 
 1368       1.033873642228e-10 
 1369       1.036492953848e-10 
 1370       1.039111878631e-10 
 1371       1.041728896435e-10 
 1372       1.044342478317e-10 
 1373       1.046951086519e-10 
 1374       1.049553174449e-10 
 1375       1.052147186669e-10 
 1376       1.054731558875e-10 
 1377       1.057304717883e-10 
 1378       1.059865081613e-10 
 1379       1.062411059074e-10 
 1380       1.064941050345e-10 
 1381       1.067453446561e-10 
 1382       1.069946629898e-10 
 1383       1.072418973555e-10 
 1384       1.074868841740e-10 
 1385       1.077294589651e-10 
 1386       1.079694563463e-10 
 1387       1.082067100313e-10 
 1388       1.084410528277e-10 
 1389       1.086723166364e-10 
 1390       1.089003324493e-10 
 1391       1.091249303478e-10 
 1392       1.093459395015e-10 
 1393       1.095631881662e-10 
 1394       1.097765036828e-10 
 1395       1.099857124751e-10 
 1396       1.101906400488e-10 
 1397       1.103911109893e-10 
 1398       1.105869489606e-10 
 1399       1.107779767036e-10 
 1400       1.109640160343e-10 
 1401       1.111448878423e-10 
 1402       1.113204318970e-10 
 1403       1.114905664947e-10 
 1404       1.116552294304e-10 
 1405       1.118143582463e-10 
 1406       1.119678902311e-10 
 1407       1.121157624198e-10 
 1408       1.122579115935e-10 
 1409       1.123942742786e-10 
 1410       1.125247867468e-10 
 1411       1.126493850144e-10 
 1412       1.127680048421e-10 
 1413       1.128805817346e-10 
 1414       1.129870509400e-10 
 1415       1.130873474497e-10 
 1416       1.131814059981e-10 
 1417       1.132691610615e-10 
 1418       1.133505468586e-10 
 1419       1.134254973496e-10 
 1420       1.134939462360e-10 
 1421       1.135558269600e-10 
 1422       1.136110727043e-10 
 1423       1.136596163916e-10 
 1424       1.137013906846e-10 
 1425       1.137363279848e-10 
 1426       1.137643604329e-10 
 1427       1.137854199080e-10 
 1428       1.137994380274e-10 
 1429       1.138063461459e-10 
 1430       1.138060753560e-10 
 1431       1.137985564867e-10 
 1432       1.137837201039e-10 
 1433       1.137614965094e-10 
 1434       1.137318157412e-10 
 1435       1.136946075721e-10 
 1436       1.136498015103e-10 
 1437       1.135973267986e-10 
 1438       1.135371124137e-10 
 1439       1.134690870665e-10 
 1440       1.133931792011e-10 
 1441       1.133093365016e-10 
 1442       1.132175846292e-10 
 1443       1.131179690804e-10 
 1444       1.130105357349e-10 
 1445       1.128953308563e-10 
 1446       1.127724010931e-10 
 1447       1.126417934792e-10 
 1448       1.125035554344e-10 
 1449       1.123577347658e-10 
 1450       1.122043796679e-10 
 1451       1.120435387238e-10 
 1452       1.118752609055e-10 
 1453       1.116995955750e-10 
 1454       1.115165924849e-10 
 1455       1.113263017790e-10 
 1456       1.111287739935e-10 
 1457       1.109240600571e-10 
 1458       1.107122112921e-10 
 1459       1.104932794153e-10 
 1460       1.102673165381e-10 
 1461       1.100343751682e-10 
 1462       1.097945082093e-10 
 1463       1.095477689628e-10 
 1464       1.092942111275e-10 
 1465       1.090338888015e-10 
 1466       1.087668564820e-10 
 1467       1.084931690665e-10 
 1468       1.082128818532e-10 
 1469       1.079260505423e-10 
 1470       1.076327312362e-10 
 1471       1.073329804405e-10 
 1472       1.070268550644e-10 
 1473       1.067144124222e-10 
 1474       1.063957102331e-10 
 1475       1.060708066225e-10 
 1476       1.057397601228e-10 
 1477       1.054026296736e-10 
 1478       1.050594746232e-10 
 1479       1.047103547286e-10 
 1480       1.043553387979e-10 
 1481       1.039945307084e-10 
 1482       1.036280436468e-10 
 1483       1.032559914927e-10 
 1484       1.028784888201e-10 
 1485       1.024956508979e-10 
 1486       1.021075936917e-10 
 1487       1.017144338650e-10 
 1488       1.013162887800e-10 
 1489       1.009132764992e-10 
 1490       1.005055157862e-10 
 1491       1.000931261076e-10 
 1492       9.967622763345e-11 
 1493       9.925494123887e-11 
 1494       9.882938850522e-11 
 1495       9.839969172125e-11 
 1496       9.796597388433e-11 
 1497       9.752835870166e-11 
 1498       9.708697059147e-11 
 1499       9.664193468426e-11 
 1500       9.619337682398e-11 
 1501       9.574142356925e-11 
 1502       9.528620219457e-11 
 1503       9.482784069153e-11 
 1504       9.436646777003e-11 
 1505       9.390221285946e-11 
 1506       9.343520610994e-11 
 1507       9.296557839354e-11 
 1508       9.249346130543e-11 
 1509       9.201898716515e-11 
 1510       9.154228901782e-11 
 1511       9.106350063530e-11 
 1512       9.058275651743e-11 
 1513       9.010019189326e-11 
 1514       8.961594272223e-11 
 1515       8.913014569538e-11 
 1516       8.864293823659e-11 
 1517       8.815445850374e-11 
 1518       8.766484538998e-11 
 1519       8.717423350967e-11 
 1520       8.668273810110e-11 
 1521       8.619046998080e-11 
 1522       8.569754054655e-11 
 1523       8.520406177832e-11 
 1524       8.471014623918e-11 
 1525       8.421590707633e-11 
 1526       8.372145802196e-11 
 1527       8.322691339426e-11 
 1528       8.273238809835e-11 
 1529       8.223799762722e-11 
 1530       8.174385806270e-11 
 1531       8.125008607640e-11 
 1532       8.075679893064e-11 
 1533       8.026411447944e-11 
 1534       7.977215116942e-11 
 1535       7.928102804080e-11 
 1536       7.879086472831e-11 
 1537       7.830178146215e-11 
 1538       7.781389906896e-11 
 1539       7.732733897275e-11 
 1540       7.684222319582e-11 
 1541       7.635867435979e-11 
 1542       7.587681568646e-11 
 1543       7.539677099882e-11 
 1544       7.491866472198e-11 
 1545       7.444262188411e-11 
 1546       7.396876811740e-11 
 1547       7.349722965901e-11 
 1548       7.302813335201e-11 
 1549       7.256160664633e-11 
 1550       7.209777759974e-11 
 1551       7.163677487874e-11 
 1552       7.117872775958e-11 
 1553       7.072376612914e-11 
 1554       7.027202048593e-11 
 1555       6.982362194101e-11 
 1556       6.937870221896e-11 
 1557       6.893739365881e-11 
 1558       6.849981529069e-11 
 1559       6.806603092069e-11 
 1560       6.763609065437e-11 
 1561       6.721004478556e-11 
 1562       6.678794379667e-11 
 1563       6.636983835893e-11 
 1564       6.595577933265e-11 
 1565       6.554581776750e-11 
 1566       6.514000490276e-11 
 1567       6.473839216757e-11 
 1568       6.434103118121e-11 
 1569       6.394797375334e-11 
 1570       6.355927188430e-11 
 1571       6.317497776534e-11 
 1572       6.279514377886e-11 
 1573       6.241982249873e-11 
 1574       6.204906669051e-11 
 1575       6.168292931172e-11 
 1576       6.132146351211e-11 
 1577       6.096472263391e-11 
 1578       6.061276021209e-11 
 1579       6.026562997464e-11 
 1580       5.992338584280e-11 
 1581       5.958608193136e-11 
 1582       5.925377254890e-11 
 1583       5.892651219803e-11 
 1584       5.860435557570e-11 
 1585       5.828735757343e-11 
 1586       5.797557327756e-11 
 1587       5.766905796955e-11 
 1588       5.736786712620e-11 
 1589       5.707205641996e-11 
 1590       5.678168171913e-11 
 1591       5.649679908817e-11 
 1592       5.621746478794e-11 
 1593       5.594373527598e-11 
 1594       5.567566720673e-11 
 1595       5.541331743185e-11 
 1596       5.515674300043e-11 
 1597       5.490598722913e-11 
 1598       5.466103777242e-11 
 1599       5.442186816873e-11 
 1600       5.418845173543e-11 
 1601       5.396076156834e-11 
 1602       5.373877054141e-11 
 1603       5.352245130628e-11 
 1604       5.331177629193e-11 
 1605       5.310671770422e-11 
 1606       5.290724752559e-11 
 1607       5.271333751457e-11 
 1608       5.252495920545e-11 
 1609       5.234208390786e-11 
 1610       5.216468270639e-11 
 1611       5.199272646018e-11 
 1612       5.182618580255e-11 
 1613       5.166503114058e-11 
 1614       5.150923265473e-11 
 1615       5.135876029844e-11 
 1616       5.121358379775e-11 
 1617       5.107367265089e-11 
 1618       5.093899612791e-11 
 1619       5.080952327025e-11 
 1620       5.068522289037e-11 
 1621       5.056606357137e-11 
 1622       5.045201366655e-11 
 1623       5.034304129907e-11 
 1624       5.023911436151e-11 
 1625       5.014020051553e-11 
 1626       5.004626719142e-11 
 1627       4.995728158773e-11 
 1628       4.987321067089e-11 
 1629       4.979402117479e-11 
 1630       4.971967960042e-11 
 1631       4.965015221542e-11 
 1632       4.958540505376e-11 
 1633       4.952540391530e-11 
 1634       4.947011436539e-11 
 1635       4.941950173450e-11 
 1636       4.937352456023e-11 
 1637       4.933211484993e-11 
 1638       4.929519764080e-11 
 1639       4.926269754076e-11 
 1640       4.923453872778e-11 
 1641       4.921064494917e-11 
 1642       4.919093952091e-11 
 1643       4.917534532695e-11 
 1644       4.916378481853e-11 
 1645       4.915618001350e-11 
 1646       4.915245249561e-11 
 1647       4.915252341386e-11 
 1648       4.915631348176e-11 
 1649       4.916374297669e-11 
 1650       4.917473173920e-11 
 1651       4.918919917229e-11 
 1652       4.920706424078e-11 
 1653       4.922824547056e-11 
 1654       4.925266094798e-11 
 1655       4.928022831906e-11 
 1656       4.931086478891e-11 
 1657       4.934448712095e-11 
 1658       4.938101163631e-11 
 1659       4.942035421304e-11 
 1660       4.946243028554e-11 
 1661       4.950715484376e-11 
 1662       4.955444243260e-11 
 1663       4.960420715117e-11 
 1664       4.965636265212e-11 
 1665       4.971082214096e-11 
 1666       4.976749837535e-11 
 1667       4.982630366445e-11 
 1668       4.988714986818e-11 
 1669       4.994994839660e-11 
 1670       5.001461020914e-11 
 1671       5.008104581399e-11 
 1672       5.014916526737e-11 
 1673       5.021887817285e-11 
 1674       5.029009368066e-11 
 1675       5.036272339223e-11 
 1676       5.043669010281e-11 
 1677       5.051191913386e-11 
 1678       5.058833543416e-11 
 1679       5.066586357926e-11 
 1680       5.074442777097e-11 
 1681       5.082395183670e-11 
 1682       5.090435922898e-11 
 1683       5.098557302486e-11 
 1684       5.106751592534e-11 
 1685       5.115011025483e-11 
 1686       5.123327796059e-11 
 1687       5.131694061212e-11 
 1688       5.140101940065e-11 
 1689       5.148543513855e-11 
 1690       5.157010825879e-11 
 1691       5.165495881432e-11 
 1692       5.173990647759e-11 
 1693       5.182487053991e-11 
 1694       5.190976991093e-11 
 1695       5.199452311807e-11 
 1696       5.207904830596e-11 
 1697       5.216326323585e-11 
 1698       5.224708528508e-11 
 1699       5.233043144650e-11 
 1700       5.241321832790e-11 
 1701       5.249536215147e-11 
 1702       5.257677875322e-11 
 1703       5.265738358242e-11 
 1704       5.273709170102e-11 
 1705       5.281581778314e-11 
 1706       5.289347611442e-11 
 1707       5.296998059155e-11 
 1708       5.304524472165e-11 
 1709       5.311918162170e-11 
 1710       5.319170401802e-11 
 1711       5.326272424569e-11 
 1712       5.333215424794e-11 
 1713       5.339990557568e-11 
 1714       5.346589857972e-11 
 1715       5.353009007479e-11 
 1716       5.359244591059e-11 
 1717       5.365293180015e-11 
 1718       5.371151331968e-11 
 1719       5.376815590833e-11 
 1720       5.382282486805e-11 
 1721       5.387548536337e-11 
 1722       5.392610242122e-11 
 1723       5.397464093076e-11 
 1724       5.402106564316e-11 
 1725       5.406534117144e-11 
 1726       5.410743199026e-11 
 1727       5.414730243575e-11 
 1728       5.418491670531e-11 
 1729       5.422023885743e-11 
 1730       5.425323281151e-11 
 1731       5.428386234763e-11 
 1732       5.431209110643e-11 
 1733       5.433788258885e-11 
 1734       5.436120015600e-11 
 1735       5.438200702894e-11 
 1736       5.440026628849e-11 
 1737       5.441594087508e-11 
 1738       5.442899358851e-11 
 1739       5.443938708780e-11 
 1740       5.444708389098e-11 
 1741       5.445204637490e-11 
 1742       5.445423677509e-11 
 1743       5.445361718549e-11 
 1744       5.445014955834e-11 
 1745       5.444379570393e-11 
 1746       5.443451729047e-11 
 1747       5.442227584384e-11 
 1748       5.440703274747e-11 
 1749       5.438874924209e-11 
 1750       5.436738642558e-11 
 1751       5.434290525276e-11 
 1752       5.431526653522e-11 
 1753       5.428444033112e-11 
 1754       5.425043420068e-11 
 1755       5.421326518618e-11 
 1756       5.417295044353e-11 
 1757       5.412950724245e-11 
 1758       5.408295296665e-11 
 1759       5.403330511402e-11 
 1760       5.398058129681e-11 
 1761       5.392479924178e-11 
 1762       5.386597679041e-11 
 1763       5.380413189906e-11 
 1764       5.373928263915e-11 
 1765       5.367144719735e-11 
 1766       5.360064387576e-11 
 1767       5.352689109205e-11 
 1768       5.345020737970e-11 
 1769       5.337061138813e-11 
 1770       5.328812188290e-11 
 1771       5.320275774588e-11 
 1772       5.311453797543e-11 
 1773       5.302348168660e-11 
 1774       5.292960811125e-11 
 1775       5.283293659830e-11 
 1776       5.273348661386e-11 
 1777       5.263127774144e-11 
 1778       5.252632968210e-11 
 1779       5.241866225464e-11 
 1780       5.230829539578e-11 
 1781       5.219524916034e-11 
 1782       5.207954372142e-11 
 1783       5.196119937058e-11 
 1784       5.184023651799e-11 
 1785       5.171667569265e-11 
 1786       5.159053754256e-11 
 1787       5.146184283486e-11 
 1788       5.133061245606e-11 
 1789       5.119686741218e-11 
 1790       5.106062882897e-11 
 1791       5.092191795202e-11 
 1792       5.078076068155e-11 
 1793       5.063720121654e-11 
 1794       5.049128852234e-11 
 1795       5.034307180660e-11 
 1796       5.019260051959e-11 
 1797       5.003992435460e-11 
 1798       4.988509324823e-11 
 1799       4.972815738078e-11 
 1800       4.956916717657e-11 
 1801       4.940817330431e-11 
 1802       4.924522667745e-11 
 1803       4.908037845448e-11 
 1804       4.891368003935e-11 
 1805       4.874518308177e-11 
 1806       4.857493947756e-11 
 1807       4.840300136903e-11 
 1808       4.822942114527e-11 
 1809       4.805425144257e-11 
 1810       4.787754514470e-11 
 1811       4.769935538331e-11 
 1812       4.751973553825e-11 
 1813       4.733873923793e-11 
 1814       4.715642035964e-11 
 1815       4.697283302994e-11 
 1816       4.678803162499e-11 
 1817       4.660207077089e-11 
 1818       4.641500534401e-11 
 1819       4.622689047141e-11 
 1820       4.603778153109e-11 
 1821       4.584773415241e-11 
 1822       4.565680421643e-11 
 1823       4.546504785621e-11 
 1824       4.527252145720e-11 
 1825       4.507928165759e-11 
 1826       4.488538534864e-11 
 1827       4.469088967503e-11 
 1828       4.449585203521e-11 
 1829       4.430033008176e-11 
 1830       4.410438172170e-11 
 1831       4.390806331519e-11 
 1832       4.371142425493e-11 
 1833       4.351451234409e-11 
 1834       4.331737559440e-11 
 1835       4.312006222639e-11 
 1836       4.292262066969e-11 
 1837       4.272509956332e-11 
 1838       4.252754775598e-11 
 1839       4.233001430631e-11 
 1840       4.213254848319e-11 
 1841       4.193519976601e-11 
 1842       4.173801784498e-11 
 1843       4.154105262138e-11 
 1844       4.134435420787e-11 
 1845       4.114797292875e-11 
 1846       4.095195932027e-11 
 1847       4.075636413090e-11 
 1848       4.056123832159e-11 
 1849       4.036663306611e-11 
 1850       4.017259975126e-11 
 1851       3.997918997723e-11 
 1852       3.978645555783e-11 
 1853       3.959444852077e-11 
 1854       3.940322110800e-11 
 1855       3.921282577593e-11 
 1856       3.902331519574e-11 
 1857       3.883474225369e-11 
 1858       3.864716005134e-11 
 1859       3.846062190588e-11 
 1860       3.827518135042e-11 
 1861       3.809089213424e-11 
 1862       3.790780822309e-11 
 1863       3.772598379948e-11 
 1864       3.754547326296e-11 
 1865       3.736633123038e-11 
 1866       3.718861253620e-11 
 1867       3.701237223279e-11 
 1868       3.683766559065e-11 
 1869       3.666454809877e-11 
 1870       3.649306944953e-11 
 1871       3.632325544157e-11 
 1872       3.615512593589e-11 
 1873       3.598870085836e-11 
 1874       3.582400019984e-11 
 1875       3.566104401624e-11 
 1876       3.549985242859e-11 
 1877       3.534044562310e-11 
 1878       3.518284385129e-11 
 1879       3.502706743002e-11 
 1880       3.487313674159e-11 
 1881       3.472107223380e-11 
 1882       3.457089442005e-11 
 1883       3.442262387939e-11 
 1884       3.427628125663e-11 
 1885       3.413188726236e-11 
 1886       3.398946267311e-11 
 1887       3.384902833136e-11 
 1888       3.371060514564e-11 
 1889       3.357421409060e-11 
 1890       3.343987620711e-11 
 1891       3.330761260231e-11 
 1892       3.317744444970e-11 
 1893       3.304939298920e-11 
 1894       3.292347952726e-11 
 1895       3.279972543692e-11 
 1896       3.267815215787e-11 
 1897       3.255878119655e-11 
 1898       3.244163412622e-11 
 1899       3.232673258704e-11 
 1900       3.221409828613e-11 
 1901       3.210375299768e-11 
 1902       3.199571856299e-11 
 1903       3.189001689058e-11 
 1904       3.178666995623e-11 
 1905       3.168569980311e-11 
 1906       3.158712854179e-11 
 1907       3.149097835038e-11 
 1908       3.139727147458e-11 
 1909       3.130602407785e-11 
 1910       3.121722774029e-11 
 1911       3.113086781812e-11 
 1912       3.104692958051e-11 
 1913       3.096539820950e-11 
 1914       3.088625879986e-11 
 1915       3.080949635897e-11 
 1916       3.073509580668e-11 
 1917       3.066304197520e-11 
 1918       3.059331960898e-11 
 1919       3.052591336455e-11 
 1920       3.046080781043e-11 
 1921       3.039798742701e-11 
 1922       3.033743660639e-11 
 1923       3.027913965226e-11 
 1924       3.022308077982e-11 
 1925       3.016924411560e-11 
 1926       3.011761369735e-11 
 1927       3.006817347395e-11 
 1928       3.002090730523e-11 
 1929       2.997579896187e-11 
 1930       2.993283212530e-11 
 1931       2.989199038751e-11 
 1932       2.985325725101e-11 
 1933       2.981661612863e-11 
 1934       2.978205034342e-11 
 1935       2.974954312854e-11 
 1936       2.971907762713e-11 
 1937       2.969063689217e-11 
 1938       2.966420388634e-11 
 1939       2.963976148196e-11 
 1940       2.961729246078e-11 
 1941       2.959677951393e-11 
 1942       2.957820524174e-11 
 1943       2.956155215364e-11 
 1944       2.954680266802e-11 
 1945       2.953393911215e-11 
 1946       2.952294372197e-11 
 1947       2.951379864205e-11 
 1948       2.950648301154e-11 
 1949       2.950096419851e-11 
 1950       2.949720649954e-11 
 1951       2.949517404735e-11 
 1952       2.949483081061e-11 
 1953       2.949614059373e-11 
 1954       2.949906703661e-11 
 1955       2.950357361447e-11 
 1956       2.950962363759e-11 
 1957       2.951718025112e-11 
 1958       2.952620643483e-11 
 1959       2.953666500295e-11 
 1960       2.954851860387e-11 
 1961       2.956172972001e-11 
 1962       2.957626066755e-11 
 1963       2.959207359622e-11 
 1964       2.960913048908e-11 
 1965       2.962739316232e-11 
 1966       2.964682326503e-11 
 1967       2.966738227898e-11 
 1968       2.968903151842e-11 
 1969       2.971173212983e-11 
 1970       2.973544509173e-11 
 1971       2.976013121447e-11 
 1972       2.978575113998e-11 
 1973       2.981226534157e-11 
 1974       2.983963412371e-11 
 1975       2.986781762183e-11 
 1976       2.989677580207e-11 
 1977       2.992646846110e-11 
 1978       2.995685522586e-11 
 1979       2.998789555337e-11 
 1980       3.001954873053e-11 
 1981       3.005177387385e-11 
 1982       3.008452992928e-11 
 1983       3.011777567196e-11 
 1984       3.015146970605e-11 
 1985       3.018557046443e-11 
 1986       3.022003620859e-11 
 1987       3.025482641441e-11 
 1988       3.028990594149e-11 
 1989       3.032524089413e-11 
 1990       3.036079723787e-11 
 1991       3.039654079930e-11 
 1992       3.043243726587e-11 
 1993       3.046845218574e-11 
 1994       3.050455096760e-11 
 1995       3.054069888048e-11 
 1996       3.057686105359e-11 
 1997       3.061300247614e-11 
 1998       3.064908799715e-11 
 1999       3.068508232531e-11 
 2000       3.072095002875e-11 
 2001       3.075665553493e-11 
 2002       3.079216313042e-11 
 2003       3.082743696073e-11 
 2004       3.086244103015e-11 
 2005       3.089713920156e-11 
 2006       3.093149519625e-11 
 2007       3.096547259379e-11 
 2008       3.099903483178e-11 
 2009       3.103214520574e-11 
 2010       3.106476686889e-11 
 2011       3.109686283202e-11 
 2012       3.112839596326e-11 
 2013       3.115932898794e-11 
 2014       3.118962448843e-11 
 2015       3.121924490391e-11 
 2016       3.124815253024e-11 
 2017       3.127630951979e-11 
 2018       3.130367788121e-11 
 2019       3.133021947932e-11 
 2020       3.135589603490e-11 
 2021       3.138066912451e-11 
 2022       3.140450018033e-11 
 2023       3.142735048998e-11 
 2024       3.144918119635e-11 
 2025       3.146995329740e-11 
 2026       3.148963184819e-11 
 2027       3.150819860028e-11 
 2028       3.152563945329e-11 
 2029       3.154194026097e-11 
 2030       3.155708683109e-11 
 2031       3.157106492547e-11 
 2032       3.158386025987e-11 
 2033       3.159545850396e-11 
 2034       3.160584528128e-11 
 2035       3.161500616915e-11 
 2036       3.162292669864e-11 
 2037       3.162959235453e-11 
 2038       3.163498857523e-11 
 2039       3.163910075274e-11 
 2040       3.164191423263e-11 
 2041       3.164341431391e-11 
 2042       3.164358624905e-11 
 2043       3.164241524390e-11 
 2044       3.163988645763e-11 
 2045       3.163598500270e-11 
 2046       3.163069594476e-11 
 2047       3.162400430267e-11 
 2048       3.161589504839e-11 
 2049       3.160635310695e-11 
 2050       3.159536335638e-11 
 2051       3.158291062768e-11 
 2052       3.156897970477e-11 
 2053       3.155355532440e-11 
 2054       3.153662217615e-11 
 2055       3.151816490232e-11 
 2056       3.149816809793e-11 
 2057       3.147661631064e-11 
 2058       3.145349404070e-11 
 2059       3.142878574090e-11 
 2060       3.140247581651e-11 
 2061       3.137454862526e-11 
 2062       3.134498847723e-11 
 2063       3.131377963485e-11 
 2064       3.128090631282e-11 
 2065       3.124635699587e-11 
 2066       3.121013742555e-11 
 2067       3.117225770540e-11 
 2068       3.113272799155e-11 
 2069       3.109155849282e-11 
 2070       3.104875947074e-11 
 2071       3.100434123968e-11 
 2072       3.095831416686e-11 
 2073       3.091068867247e-11 
 2074       3.086147522970e-11 
 2075       3.081068436483e-11 
 2076       3.075832665730e-11 
 2077       3.070441273976e-11 
 2078       3.064895329816e-11 
 2079       3.059195907180e-11 
 2080       3.053344085341e-11 
 2081       3.047340948924e-11 
 2082       3.041187587908e-11 
 2083       3.034885097637e-11 
 2084       3.028434578824e-11 
 2085       3.021837137561e-11 
 2086       3.015093885323e-11 
 2087       3.008205938977e-11 
 2088       3.001174420787e-11 
 2089       2.994000458423e-11 
 2090       2.986685184966e-11 
 2091       2.979229738916e-11 
 2092       2.971635264199e-11 
 2093       2.963902910171e-11 
 2094       2.956033831631e-11 
 2095       2.948029188821e-11 
 2096       2.939890147439e-11 
 2097       2.931617878640e-11 
 2098       2.923213559049e-11 
 2099       2.914678370761e-11 
 2100       2.906013501356e-11 
 2101       2.897220143898e-11 
 2102       2.888299496947e-11 
 2103       2.879252764564e-11 
 2104       2.870081367244e-11 
 2105       2.860787576303e-11 
 2106       2.851373883917e-11 
 2107       2.841842792612e-11 
 2108       2.832196815275e-11 
 2109       2.822438475167e-11 
 2110       2.812570305936e-11 
 2111       2.802594851628e-11 
 2112       2.792514666704e-11 
 2113       2.782332316045e-11 
 2114       2.772050374974e-11 
 2115       2.761671429259e-11 
 2116       2.751198075134e-11 
 2117       2.740632919305e-11 
 2118       2.729978578969e-11 
 2119       2.719237681819e-11 
 2120       2.708412866064e-11 
 2121       2.697506780437e-11 
 2122       2.686522084209e-11 
 2123       2.675461447200e-11 
 2124       2.664327549797e-11 
 2125       2.653123082959e-11 
 2126       2.641850748235e-11 
 2127       2.630513257775e-11 
 2128       2.619113334342e-11 
 2129       2.607653711325e-11 
 2130       2.596137132753e-11 
 2131       2.584566353304e-11 
 2132       2.572944138323e-11 
 2133       2.561273263829e-11 
 2134       2.549556516532e-11 
 2135       2.537796693842e-11 
 2136       2.525996603885e-11 
 2137       2.514159065512e-11 
 2138       2.502286908317e-11 
 2139       2.490382972643e-11 
 2140       2.478450109598e-11 
 2141       2.466491181070e-11 
 2142       2.454509059734e-11 
 2143       2.442506548808e-11 
 2144       2.430486140685e-11 
 2145       2.418450256675e-11 
 2146       2.406401327129e-11 
 2147       2.394341791446e-11 
 2148       2.382274098089e-11 
 2149       2.370200704589e-11 
 2150       2.358124077562e-11 
 2151       2.346046692714e-11 
 2152       2.333971034854e-11 
 2153       2.321899597905e-11 
 2154       2.309834884914e-11 
 2155       2.297779408062e-11 
 2156       2.285735688675e-11 
 2157       2.273706257232e-11 
 2158       2.261693653383e-11 
 2159       2.249700425950e-11 
 2160       2.237729132942e-11 
 2161       2.225782341569e-11 
 2162       2.213862628245e-11 
 2163       2.201972578603e-11 
 2164       2.190114787508e-11 
 2165       2.178291859060e-11 
 2166       2.166506406612e-11 
 2167       2.154761052777e-11 
 2168       2.143058429437e-11 
 2169       2.131401177758e-11 
 2170       2.119791948197e-11 
 2171       2.108233400512e-11 
 2172       2.096728203776e-11 
 2173       2.085279036384e-11 
 2174       2.073888586066e-11 
 2175       2.062559549897e-11 
 2176       2.051294634304e-11 
 2177       2.040096555083e-11 
 2178       2.028968037405e-11 
 2179       2.017911815826e-11 
 2180       2.006930634300e-11 
 2181       1.996027246189e-11 
 2182       1.985204135414e-11 
 2183       1.974462677838e-11 
 2184       1.963803974279e-11 
 2185       1.953229128861e-11 
 2186       1.942739249015e-11 
 2187       1.932335445486e-11 
 2188       1.922018832333e-11 
 2189       1.911790526936e-11 
 2190       1.901651649996e-11 
 2191       1.891603325542e-11 
 2192       1.881646680930e-11 
 2193       1.871782846853e-11 
 2194       1.862012957338e-11 
 2195       1.852338149752e-11 
 2196       1.842759564808e-11 
 2197       1.833278346562e-11 
 2198       1.823895642425e-11 
 2199       1.814612603159e-11 
 2200       1.805430382885e-11 
 2201       1.796350139085e-11 
 2202       1.787373032605e-11 
 2203       1.778500227660e-11 
 2204       1.769732891834e-11 
 2205       1.761072196088e-11 
 2206       1.752519314763e-11 
 2207       1.744075425577e-11 
 2208       1.735741709639e-11 
 2209       1.727519351443e-11 
 2210       1.719409538877e-11 
 2211       1.711413463225e-11 
 2212       1.703532319169e-11 
 2213       1.695767304795e-11 
 2214       1.688119621595e-11 
 2215       1.680590474470e-11 
 2216       1.673181071737e-11 
 2217       1.665892625126e-11 
 2218       1.658726349790e-11 
 2219       1.651683464304e-11 
 2220       1.644765190672e-11 
 2221       1.637972460435e-11 
 2222       1.631305030891e-11 
 2223       1.624762363057e-11 
 2224       1.618343915029e-11 
 2225       1.612049141982e-11 
 2226       1.605877496160e-11 
 2227       1.599828426876e-11 
 2228       1.593901380511e-11 
 2229       1.588095800504e-11 
 2230       1.582411127353e-11 
 2231       1.576846798608e-11 
 2232       1.571402248873e-11 
 2233       1.566076909796e-11 
 2234       1.560870210068e-11 
 2235       1.555781575420e-11 
 2236       1.550810428618e-11 
 2237       1.545956189461e-11 
 2238       1.541218274774e-11 
 2239       1.536596098410e-11 
 2240       1.532089071241e-11 
 2241       1.527696601155e-11 
 2242       1.523418093056e-11 
 2243       1.519252948858e-11 
 2244       1.515200567479e-11 
 2245       1.511260344841e-11 
 2246       1.507431673866e-11 
 2247       1.503713944470e-11 
 2248       1.500106543560e-11 
 2249       1.496608855034e-11 
 2250       1.493220259770e-11 
 2251       1.489940135630e-11 
 2252       1.486767857451e-11 
 2253       1.483702797046e-11 
 2254       1.480744323195e-11 
 2255       1.477891801645e-11 
 2256       1.475144595105e-11 
 2257       1.472502063243e-11 
 2258       1.469963562682e-11 
 2259       1.467528446996e-11 
 2260       1.465195912467e-11 
 2261       1.462964534263e-11 
 2262       1.460832727251e-11 
 2263       1.458798899950e-11 
 2264       1.456861454528e-11 
 2265       1.455018786796e-11 
 2266       1.453269286198e-11 
 2267       1.451611335803e-11 
 2268       1.450043312302e-11 
 2269       1.448563585996e-11 
 2270       1.447170520791e-11 
 2271       1.445862474191e-11 
 2272       1.444637797289e-11 
 2273       1.443494834763e-11 
 2274       1.442431924865e-11 
 2275       1.441447399415e-11 
 2276       1.440539583795e-11 
 2277       1.439706796940e-11 
 2278       1.438947351331e-11 
 2279       1.438259552990e-11 
 2280       1.437641701469e-11 
 2281       1.437092089844e-11 
 2282       1.436609004712e-11 
 2283       1.436190726175e-11 
 2284       1.435835527841e-11 
 2285       1.435541676813e-11 
 2286       1.435307433682e-11 
 2287       1.435131052518e-11 
 2288       1.435010780867e-11 
 2289       1.434944859740e-11 
 2290       1.434931523608e-11 
 2291       1.434969000392e-11 
 2292       1.435055511459e-11 
 2293       1.435189271613e-11 
 2294       1.435368489087e-11 
 2295       1.435591365536e-11 
 2296       1.435856096033e-11 
 2297       1.436160869056e-11 
 2298       1.436503866485e-11 
 2299       1.436883303511e-11 
 2300       1.437297548660e-11 
 2301       1.437745004518e-11 
 2302       1.438224067879e-11 
 2303       1.438733129736e-11 
 2304       1.439270575274e-11 
 2305       1.439834783866e-11 
 2306       1.440424129068e-11 
 2307       1.441036978607e-11 
 2308       1.441671694380e-11 
 2309       1.442326632444e-11 
 2310       1.443000143014e-11 
 2311       1.443690570451e-11 
 2312       1.444396253259e-11 
 2313       1.445115524079e-11 
 2314       1.445846709681e-11 
 2315       1.446588130959e-11 
 2316       1.447338102923e-11 
 2317       1.448094934694e-11 
 2318       1.448856929498e-11 
 2319       1.449622384657e-11 
 2320       1.450389591585e-11 
 2321       1.451156835782e-11 
 2322       1.451922396826e-11 
 2323       1.452684548367e-11 
 2324       1.453441558122e-11 
 2325       1.454191687865e-11 
 2326       1.454933193426e-11 
 2327       1.455664324680e-11 
 2328       1.456383325544e-11 
 2329       1.457088433966e-11 
 2330       1.457777881924e-11 
 2331       1.458449895418e-11 
 2332       1.459102694460e-11 
 2333       1.459734493073e-11 
 2334       1.460343499280e-11 
 2335       1.460927915102e-11 
 2336       1.461485936546e-11 
 2337       1.462015753607e-11 
 2338       1.462515724940e-11 
 2339       1.462984903123e-11 
 2340       1.463422512675e-11 
 2341       1.463827775666e-11 
 2342       1.464199911709e-11 
 2343       1.464538137965e-11 
 2344       1.464841669134e-11 
 2345       1.465109717456e-11 
 2346       1.465341492707e-11 
 2347       1.465536202197e-11 
 2348       1.465693050769e-11 
 2349       1.465811240792e-11 
 2350       1.465889972164e-11 
 2351       1.465928442304e-11 
 2352       1.465925846155e-11 
 2353       1.465881376176e-11 
 2354       1.465794222344e-11 
 2355       1.465663572150e-11 
 2356       1.465488610594e-11 
 2357       1.465268520185e-11 
 2358       1.465002480939e-11 
 2359       1.464689670375e-11 
 2360       1.464329263512e-11 
 2361       1.463920432867e-11 
 2362       1.463462348455e-11 
 2363       1.462954177782e-11 
 2364       1.462395085845e-11 
 2365       1.461784235130e-11 
 2366       1.461120785608e-11 
 2367       1.460403894732e-11 
 2368       1.459632717437e-11 
 2369       1.458806406135e-11 
 2370       1.457924110714e-11 
 2371       1.456984978534e-11 
 2372       1.455988154426e-11 
 2373       1.454932780688e-11 
 2374       1.453817997084e-11 
 2375       1.452642940840e-11 
 2376       1.451406746642e-11 
 2377       1.450108738789e-11 
 2378       1.448749008948e-11 
 2379       1.447327841954e-11 
 2380       1.445845523975e-11 
 2381       1.444302342520e-11 
 2382       1.442698586435e-11 
 2383       1.441034545905e-11 
 2384       1.439310512460e-11 
 2385       1.437526778971e-11 
 2386       1.435683639657e-11 
 2387       1.433781390080e-11 
 2388       1.431820327153e-11 
 2389       1.429800749137e-11 
 2390       1.427722955645e-11 
 2391       1.425587247643e-11 
 2392       1.423393927450e-11 
 2393       1.421143298742e-11 
 2394       1.418835666553e-11 
 2395       1.416471337273e-11 
 2396       1.414050618655e-11 
 2397       1.411573819814e-11 
 2398       1.409041251226e-11 
 2399       1.406453224734e-11 
 2400       1.403810053549e-11 
 2401       1.401112052246e-11 
 2402       1.398359536772e-11 
 2403       1.395552824446e-11 
 2404       1.392692233958e-11 
 2405       1.389778085372e-11 
 2406       1.386810700130e-11 
 2407       1.383790401048e-11 
 2408       1.380717512324e-11 
 2409       1.377592359534e-11 
 2410       1.374415269637e-11 
 2411       1.371186570975e-11 
 2412       1.367906593275e-11 
 2413       1.364575667650e-11 
 2414       1.361194126602e-11 
 2415       1.357762304022e-11 
 2416       1.354280637751e-11 
 2417       1.350749977945e-11 
 2418       1.347171280579e-11 
 2419       1.343545505068e-11 
 2420       1.339873614264e-11 
 2421       1.336156574464e-11 
 2422       1.332395355412e-11 
 2423       1.328590930303e-11 
 2424       1.324744275785e-11 
 2425       1.320856371966e-11 
 2426       1.316928202414e-11 
 2427       1.312960754163e-11 
 2428       1.308955017716e-11 
 2429       1.304911987049e-11 
 2430       1.300832659614e-11 
 2431       1.296718036343e-11 
 2432       1.292569121650e-11 
 2433       1.288386923439e-11 
 2434       1.284172453102e-11 
 2435       1.279926725528e-11 
 2436       1.275650759102e-11 
 2437       1.271345575712e-11 
 2438       1.267012200750e-11 
 2439       1.262651663119e-11 
 2440       1.258264995234e-11 
 2441       1.253853233024e-11 
 2442       1.249417415942e-11 
 2443       1.244958586961e-11 
 2444       1.240477792583e-11 
 2445       1.235976082841e-11 
 2446       1.231454511301e-11 
 2447       1.226914135069e-11 
 2448       1.222356014791e-11 
 2449       1.217781214659e-11 
 2450       1.213190802416e-11 
 2451       1.208585849355e-11 
 2452       1.203967430326e-11 
 2453       1.199336623740e-11 
 2454       1.194694511571e-11 
 2455       1.190042167048e-11 
 2456       1.185380617644e-11 
 2457       1.180710881874e-11 
 2458       1.176033981590e-11 
 2459       1.171350941984e-11 
 2460       1.166662791594e-11 
 2461       1.161970562302e-11 
 2462       1.157275289343e-11 
 2463       1.152578011306e-11 
 2464       1.147879770137e-11 
 2465       1.143181611143e-11 
 2466       1.138484582994e-11 
 2467       1.133789737729e-11 
 2468       1.129098130760e-11 
 2469       1.124410820868e-11 
 2470       1.119728870218e-11 
 2471       1.115053344352e-11 
 2472       1.110385312199e-11 
 2473       1.105725846074e-11 
 2474       1.101076021685e-11 
 2475       1.096436918135e-11 
 2476       1.091809617923e-11 
 2477       1.087195206953e-11 
 2478       1.082594774531e-11 
 2479       1.078009413374e-11 
 2480       1.073440219607e-11 
 2481       1.068888292775e-11 
 2482       1.064354735838e-11 
 2483       1.059840655180e-11 
 2484       1.055347160609e-11 
 2485       1.050875365362e-11 
 2486       1.046426386109e-11 
 2487       1.042001342954e-11 
 2488       1.037601359443e-11 
 2489       1.033227562562e-11 
 2490       1.028881082742e-11 
 2491       1.024563053865e-11 
 2492       1.020274613265e-11 
 2493       1.016016901731e-11 
 2494       1.011790437439e-11 
 2495       1.007593233713e-11 
 2496       1.003422670219e-11 
 2497       9.992761180259e-12 
 2498       9.951509395969e-12 
 2499       9.910444887811e-12 
 2500       9.869541108044e-12 
