# Matter power spectrum P(k) at redshift z=0
# for k=8.38565e-06 to 52.9639 h/Mpc,
# number of wavenumbers equal to 130
#    1:k (h/Mpc)              2:P (Mpc/h)^3        
       8.385654506784e-06       4.422307045094e+01 
       1.055691355312e-05       4.615057502210e+01 
       1.329036674213e-05       5.845494984636e+01 
       1.673158042374e-05       7.336327543886e+01 
       2.106381177492e-05       9.270881048299e+01 
       2.651776791269e-05       1.160560561801e+02 
       3.338389188935e-05       1.454354050825e+02 
       4.202782984409e-05       1.819536020182e+02 
       5.290990299329e-05       2.271651902909e+02 
       6.660962141382e-05       2.837841160307e+02 
       8.385654506784e-05       3.543156191722e+02 
       1.055691355312e-04       4.425109841890e+02 
       1.329036674213e-04       5.527942106886e+02 
       1.673158042374e-04       6.904160723379e+02 
       2.106381177492e-04       8.620787879446e+02 
       2.651776791269e-04       1.076146155056e+03 
       3.338389188935e-04       1.342937087692e+03 
       4.202782984409e-04       1.675011643247e+03 
       5.290990299329e-04       2.087606939831e+03 
       6.660962141382e-04       2.598974073292e+03 
       8.385654506784e-04       3.230642133239e+03 
       1.055691355312e-03       4.007445537399e+03 
       1.329036674213e-03       4.957180201919e+03 
       1.673158042374e-03       6.109222293794e+03 
       2.106381177492e-03       7.492198951723e+03 
       2.651776791269e-03       9.130050725491e+03 
       3.338389188935e-03       1.103605564485e+04 
       4.202782984409e-03       1.320432919354e+04 
       5.290990299329e-03       1.559828426385e+04 
       6.660962141382e-03       1.811821714983e+04 
       8.385654506784e-03       2.062341475981e+04 
       1.055691355312e-02       2.289107519108e+04 
       1.329036674213e-02       2.457346713467e+04 
       1.673158042370e-02       2.518501219779e+04 
       2.106381157538e-02       2.409449253448e+04 
       2.651762258311e-02       2.068629687543e+04 
       3.336448735489e-02       1.573718534342e+04 
       4.140272283381e-02       1.212557349604e+04 
       4.812135203296e-02       1.039585644765e+04 
       5.300467383292e-02       9.585666029750e+03 
       5.704101714735e-02       9.069710623623e+03 
       6.064931358045e-02       8.661789394790e+03 
       6.401705406612e-02       8.289031237326e+03 
       6.724377949011e-02       7.919122812447e+03 
       7.038930611537e-02       7.536243334992e+03 
       7.349298983350e-02       7.137849697493e+03 
       7.658260352001e-02       6.724600178829e+03 
       7.967889014618e-02       6.303751067740e+03 
       8.279809665114e-02       5.884285497850e+03 
       8.595347715759e-02       5.477372142352e+03 
       8.915623161340e-02       5.092989736041e+03 
       9.241611688494e-02       4.741594714600e+03 
       9.574185852433e-02       4.429543915116e+03 
       9.914143622946e-02       4.161850408404e+03 
       1.026222864230e-01       3.938430290510e+03 
       1.061914487598e-01       3.757547516158e+03 
       1.098556736637e-01       3.613068724874e+03 
       1.136215021303e-01       3.496088655217e+03 
       1.174953253836e-01       3.395010356860e+03 
       1.214834296543e-01       3.297426343223e+03 
       1.255920298380e-01       3.190798478956e+03 
       1.298272948014e-01       3.065783258166e+03 
       1.341953664459e-01       2.917365115430e+03 
       1.387023741973e-01       2.746302577253e+03 
       1.433544463003e-01       2.560013386377e+03 
       1.481577191057e-01       2.370218905766e+03 
       1.531183454094e-01       2.189581784312e+03 
       1.582425028290e-01       2.030450719952e+03 
       1.635364031495e-01       1.900063607590e+03 
       1.690063035414e-01       1.799687236485e+03 
       1.746585205324e-01       1.724536854601e+03 
       1.804994476046e-01       1.663871677852e+03 
       1.865355772757e-01       1.605691272710e+03 
       1.927735285226e-01       1.537821095130e+03 
       1.992200804055e-01       1.452832378131e+03 
       2.058822127684e-01       1.353642770699e+03 
       2.127671549204e-01       1.250314084952e+03 
       2.198824432661e-01       1.154290119371e+03 
       2.272359889475e-01       1.073762124357e+03 
       2.348361567149e-01       1.011710115554e+03 
       2.426918564594e-01       9.642570186602e+02 
       2.508126491505e-01       9.214958640454e+02 
       2.592088693470e-01       8.744108842833e+02 
       2.678917670166e-01       8.195563134580e+02 
       2.768736721659e-01       7.596253860962e+02 
       2.861681867846e-01       7.025664699815e+02 
       2.957904099431e-01       6.552498484583e+02 
       3.057572036446e-01       6.172960841842e+02 
       3.160875093854e-01       5.841440126734e+02 
       3.268027285316e-01       5.496976280197e+02 
       3.379271839006e-01       5.120045947663e+02 
       3.494886858148e-01       4.745065277325e+02 
       3.615192340650e-01       4.411308145895e+02 
       3.740558987573e-01       4.130082002282e+02 
       3.871419395552e-01       3.868012275566e+02 
       4.008282469504e-01       3.600669032857e+02 
       4.151752250316e-01       3.332913023057e+02 
       4.302552895635e-01       3.087252429165e+02 
       4.461562394180e-01       2.866833464385e+02 
       4.629858932193e-01       2.655179961302e+02 
       4.808786014932e-01       2.445393321565e+02 
       5.000046121321e-01       2.247470899528e+02 
       5.205839067471e-01       2.063493294489e+02 
       5.429072826928e-01       1.883724284594e+02 
       5.673696417611e-01       1.710436530115e+02 
       5.945247860233e-01       1.545096206239e+02 
       6.251801324828e-01       1.382695052454e+02 
       6.605701367558e-01       1.224157233278e+02 
       7.026960477023e-01       1.066342034012e+02 
       7.550447707739e-01       9.074004500492e+01 
       8.242321145722e-01       7.438627356103e+01 
       9.238828898845e-01       5.728193230566e+01 
       1.081723952913e+00       3.973653815411e+01 
       1.332475053263e+00       2.431715554014e+01 
       1.674902398093e+00       1.405921830934e+01 
       2.108529748688e+00       8.028090235254e+00 
       2.654481512400e+00       4.548214249451e+00 
       3.341794231013e+00       2.558183278946e+00 
       4.207069678410e+00       1.429415500335e+00 
       5.296386927339e+00       7.940214733406e-01 
       6.667756093521e+00       4.387124070778e-01 
       8.394207585779e+00       2.411972636784e-01 
       1.056768124161e+01       1.319869676699e-01 
       1.330392245881e+01       7.192341809155e-02 
       1.674864605993e+01       3.904262808350e-02 
       2.108529613799e+01       2.111238355813e-02 
       2.654481512332e+01       1.137949713014e-02 
       3.341794231013e+01       6.110033116096e-03 
       4.207069678410e+01       3.271091141274e-03 
       5.296386927339e+01       1.744624976218e-03 
