# Matter power spectrum P(k) at redshift z=0
# for k=1.04821e-05 to 109.72 h/Mpc,
# number of wavenumbers equal to 586
#    1:k (h/Mpc)              2:P (Mpc/h)^3        
       1.048206813348e-05       4.585771288423e+01 
       2.342591613872e-05       1.038863230413e+02 
       3.641567745965e-05       1.575127311855e+02 
       4.948664496564e-05       2.127224188505e+02 
       6.267470048338e-05       2.671516278402e+02 
       7.601663786501e-05       3.223400578403e+02 
       8.955049647710e-05       3.776680579438e+02 
       1.033159095860e-04       4.336124280311e+02 
       1.173544721492e-04       4.902488863922e+02 
       1.317101325568e-04       5.481886830099e+02 
       1.464296128693e-04       6.070818646605e+02 
       1.615628620363e-04       6.674888083252e+02 
       1.771635463829e-04       7.295559411203e+02 
       1.932895812592e-04       7.935150508670e+02 
       2.100037070413e-04       8.595364247049e+02 
       2.273741115271e-04       9.279486669221e+02 
       2.454750989921e-04       9.990197605925e+02 
       2.643878035390e-04       1.073040404396e+03 
       2.842009405912e-04       1.150310233899e+03 
       3.050115851027e-04       1.231234939807e+03 
       3.269259578741e-04       1.316152416205e+03 
       3.500601918705e-04       1.405517974112e+03 
       3.745410382206e-04       1.499738805435e+03 
       4.005064564118e-04       1.599339867308e+03 
       4.281060151270e-04       1.704801238416e+03 
       4.575010098370e-04       1.816701971747e+03 
       4.888641821911e-04       1.935612731838e+03 
       5.223789072759e-04       2.062143780414e+03 
       5.582377024510e-04       2.196921193672e+03 
       5.966399120802e-04       2.340579613255e+03 
       6.377884439387e-04       2.493743335860e+03 
       6.818854836615e-04       2.657014094936e+03 
       7.291271996060e-04       2.830941567458e+03 
       7.796975728022e-04       3.016009803621e+03 
       8.337616367063e-04       3.212600107976e+03 
       8.914585683340e-04       3.420983544269e+03 
       9.528952031996e-04       3.641275003843e+03 
       1.018140612463e-03       3.873438520207e+03 
       1.087222348410e-03       4.117255912630e+03 
       1.160124819937e-03       4.372361467744e+03 
       1.236790018896e-03       4.638197032791e+03 
       1.317120526541e-03       4.914095189969e+03 
       1.400984449927e-03       5.199215678752e+03 
       1.488221730705e-03       5.492692893923e+03 
       1.578651170572e-03       5.793576543545e+03 
       1.672077533694e-03       6.100895831278e+03 
       1.768298193139e-03       6.413668983547e+03 
       1.867108946156e-03       6.730954832939e+03 
       1.968308791469e-03       7.051822960309e+03 
       2.071703609860e-03       7.375378744666e+03 
       2.177108800382e-03       7.700868661593e+03 
       2.284350994754e-03       8.027491245344e+03 
       2.393269006547e-03       8.354610395263e+03 
       2.503714178597e-03       8.681615175086e+03 
       2.615550281155e-03       9.007919836257e+03 
       2.728653092917e-03       9.333079737649e+03 
       2.842909773036e-03       9.656640443594e+03 
       2.958218108654e-03       9.978209984450e+03 
       3.074485701303e-03       1.029747610989e+04 
       3.191629137785e-03       1.061412651020e+04 
       3.309573176954e-03       1.092790721082e+04 
       3.428249972867e-03       1.123859199130e+04 
       3.547598346623e-03       1.154602817254e+04 
       3.667563113324e-03       1.184998325840e+04 
       3.788094466477e-03       1.215035361408e+04 
       3.909147419359e-03       1.244701806837e+04 
       4.030681301112e-03       1.273988178633e+04 
       4.152659304236e-03       1.302882438431e+04 
       4.275048079597e-03       1.331380459815e+04 
       4.397817374846e-03       1.359477572374e+04 
       4.520939712132e-03       1.387167349316e+04 
       4.644390101174e-03       1.414446271558e+04 
       4.768145783969e-03       1.441311145263e+04 
       4.892186007710e-03       1.467759129175e+04 
       5.016491822782e-03       1.493787063450e+04 
       5.141045903025e-03       1.519405328292e+04 
       5.265832385712e-03       1.544608263303e+04 
       5.390836728992e-03       1.569393413560e+04 
       5.516045584791e-03       1.593763762814e+04 
       5.641446685384e-03       1.617722122435e+04 
       5.767028742066e-03       1.641264740116e+04 
       5.892781354540e-03       1.664402553633e+04 
       6.018694929793e-03       1.687123856483e+04 
       6.144760609374e-03       1.709452425956e+04 
       6.270970204143e-03       1.731371202627e+04 
       6.397316135632e-03       1.752890390229e+04 
       6.523791383301e-03       1.774011981944e+04 
       6.650389437016e-03       1.794743812011e+04 
       6.777104254206e-03       1.815075135055e+04 
       6.903930221160e-03       1.835029907175e+04 
       7.030862118051e-03       1.854594849947e+04 
       7.157895087259e-03       1.873776769847e+04 
       7.285024604673e-03       1.892585525488e+04 
       7.412246453648e-03       1.910928509651e+04 
       7.539556701339e-03       1.928986127254e+04 
       7.666951677182e-03       1.946678255137e+04 
       7.794427953296e-03       1.964013259779e+04 
       7.921982326622e-03       1.980986853463e+04 
       8.049611802613e-03       1.997603645352e+04 
       8.177313580343e-03       2.013863687842e+04 
       8.305085038883e-03       2.029789904045e+04 
       8.432923724828e-03       2.045368413169e+04 
       8.560827340869e-03       2.060597330573e+04 
       8.688793735307e-03       2.075492304136e+04 
       8.816820892426e-03       2.090052714928e+04 
       8.944906923645e-03       2.104294757471e+04 
       9.073050059378e-03       2.118207423285e+04 
       9.201248641540e-03       2.131790096257e+04 
       9.329501116642e-03       2.145051921631e+04 
       9.457806029422e-03       2.157999713698e+04 
       9.586162016970e-03       2.170631664652e+04 
       9.714567803294e-03       2.182958772810e+04 
       9.843022194307e-03       2.194980952654e+04 
       9.971524073180e-03       2.206703735563e+04 
       1.010007239605e-02       2.218136209278e+04 
       1.022866618805e-02       2.229269793783e+04 
       1.035730453958e-02       2.240109189688e+04 
       1.048598660297e-02       2.250656609937e+04 
       1.061471158922e-02       2.260912822497e+04 
       1.074347876510e-02       2.270903754216e+04 
       1.087228745042e-02       2.280612058516e+04 
       1.100113701548e-02       2.290041115807e+04 
       1.113002687872e-02       2.299197416520e+04 
       1.125895650451e-02       2.308106830047e+04 
       1.138792540111e-02       2.316727567593e+04 
       1.151693311881e-02       2.325084012406e+04 
       1.164597924814e-02       2.333182913316e+04 
       1.177506341820e-02       2.341020373966e+04 
       1.190418529521e-02       2.348605349464e+04 
       1.203334458101e-02       2.355937459463e+04 
       1.216254101180e-02       2.363022633518e+04 
       1.229177435689e-02       2.369860981034e+04 
       1.242104441754e-02       2.376456139768e+04 
       1.255035102596e-02       2.382812401145e+04 
       1.267969404426e-02       2.388931207214e+04 
       1.280907336357e-02       2.394819894477e+04 
       1.293848890321e-02       2.400484418500e+04 
       1.306794060986e-02       2.405922646891e+04 
       1.319742845689e-02       2.411126576572e+04 
       1.332695244366e-02       2.415887167966e+04 
       1.345651259489e-02       2.420630830106e+04 
       1.358610896011e-02       2.425168919845e+04 
       1.371574161316e-02       2.429489902766e+04 
       1.384541065167e-02       2.433551786736e+04 
       1.397511619663e-02       2.437448166427e+04 
       1.410485839203e-02       2.441140447534e+04 
       1.423463740444e-02       2.444724849646e+04 
       1.436445342274e-02       2.448041534869e+04 
       1.449430665781e-02       2.451125144473e+04 
       1.462419734223e-02       2.454096220805e+04 
       1.475412573013e-02       2.456804262798e+04 
       1.488409209692e-02       2.459301622000e+04 
       1.501409673914e-02       2.461539400074e+04 
       1.514413997433e-02       2.463656880482e+04 
       1.527422214092e-02       2.465715339822e+04 
       1.540434359807e-02       2.467456596049e+04 
       1.553450472569e-02       2.469105602854e+04 
       1.566470592431e-02       2.470191290712e+04 
       1.579494761511e-02       2.471411756831e+04 
       1.592523023991e-02       2.472455805545e+04 
       1.605555426116e-02       2.473318260119e+04 
       1.618592016198e-02       2.474018267204e+04 
       1.631632844626e-02       2.474547300677e+04 
       1.644677963869e-02       2.474941772063e+04 
       1.657727428486e-02       2.475155825510e+04 
       1.670781295141e-02       2.475515604046e+04 
       1.683839622613e-02       2.475407116492e+04 
       1.696902471811e-02       2.475136536138e+04 
       1.709969905792e-02       2.474740866544e+04 
       1.723041989780e-02       2.474177675045e+04 
       1.736118791183e-02       2.473540576335e+04 
       1.749200379621e-02       2.472677303264e+04 
       1.762286826942e-02       2.471683461681e+04 
       1.775378207253e-02       2.470535900222e+04 
       1.788474596945e-02       2.469254798509e+04 
       1.801576074722e-02       2.467833174632e+04 
       1.814682721629e-02       2.466280931860e+04 
       1.827794621088e-02       2.464589050986e+04 
       1.840911858928e-02       2.462766846270e+04 
       1.854034523424e-02       2.460816939661e+04 
       1.867162705328e-02       2.458734517775e+04 
       1.880296497916e-02       2.456479308337e+04 
       1.893435997019e-02       2.454139378462e+04 
       1.906581301073e-02       2.451673954546e+04 
       1.919732511159e-02       2.449081831833e+04 
       1.932889731050e-02       2.446362122113e+04 
       1.946053067255e-02       2.443407443421e+04 
       1.959222629073e-02       2.440507759868e+04 
       1.972398528643e-02       2.437466402251e+04 
       1.985580880993e-02       2.434310478319e+04 
       1.998769804099e-02       2.431190015816e+04 
       2.011965418941e-02       2.427824213388e+04 
       2.025167849560e-02       2.424348589046e+04 
       2.038377223121e-02       2.420770703937e+04 
       2.051593669974e-02       2.417065088198e+04 
       2.064817323719e-02       2.413328420423e+04 
       2.078048321275e-02       2.409468699868e+04 
       2.091286802949e-02       2.405510375200e+04 
       2.104532912502e-02       2.401209240407e+04 
       2.117786797232e-02       2.397184263876e+04 
       2.131048608044e-02       2.392931897046e+04 
       2.144318499530e-02       2.388581402481e+04 
       2.157596630051e-02       2.384140630062e+04 
       2.170883161818e-02       2.379513929001e+04 
       2.184178260984e-02       2.374887910470e+04 
       2.197482097728e-02       2.370298319647e+04 
       2.210794846347e-02       2.365459848830e+04 
       2.224116685354e-02       2.360677519558e+04 
       2.237447797574e-02       2.355616580166e+04 
       2.250788370245e-02       2.350606354194e+04 
       2.264138595120e-02       2.345525818524e+04 
       2.277498668577e-02       2.340364398246e+04 
       2.290868791728e-02       2.335095759333e+04 
       2.304249170535e-02       2.329820518006e+04 
       2.317640015924e-02       2.324439015218e+04 
       2.331041543909e-02       2.318986322727e+04 
       2.344453975715e-02       2.313466475524e+04 
       2.357877537911e-02       2.307877462366e+04 
       2.371312462538e-02       2.302355258680e+04 
       2.384758987248e-02       2.296622909781e+04 
       2.398217355449e-02       2.290824603710e+04 
       2.411687816446e-02       2.284964733383e+04 
       2.425170625594e-02       2.279059506749e+04 
       2.438666044457e-02       2.273095094434e+04 
       2.452174340961e-02       2.267083744141e+04 
       2.465695789568e-02       2.261015197519e+04 
       2.479230671441e-02       2.254897952798e+04 
       2.492779274627e-02       2.248727483226e+04 
       2.506341894232e-02       2.242509862053e+04 
       2.519918832616e-02       2.236242548084e+04 
       2.533510399586e-02       2.229952912265e+04 
       2.547116912596e-02       2.223608990467e+04 
       2.560738696958e-02       2.217149477807e+04 
       2.574376086053e-02       2.210695073628e+04 
       2.588029421557e-02       2.204193120474e+04 
       2.601699053671e-02       2.197651942690e+04 
       2.615385341356e-02       2.191074340798e+04 
       2.629088652580e-02       2.184454658440e+04 
       2.642809364574e-02       2.177793948926e+04 
       2.656547864096e-02       2.171093725095e+04 
       2.670304547699e-02       2.164357784190e+04 
       2.684079822020e-02       2.157550642422e+04 
       2.697874104066e-02       2.150704451645e+04 
       2.711687821520e-02       2.143899708884e+04 
       2.725521413055e-02       2.137012812759e+04 
       2.739375328656e-02       2.130099655776e+04 
       2.753250029960e-02       2.123108751850e+04 
       2.767145990605e-02       2.116063780792e+04 
       2.781063696589e-02       2.109170174895e+04 
       2.795003646648e-02       2.102157091552e+04 
       2.808966352645e-02       2.095114097982e+04 
       2.822952339975e-02       2.088075390630e+04 
       2.836962147985e-02       2.080982732970e+04 
       2.850996330408e-02       2.073874505983e+04 
       2.865055455815e-02       2.066693715870e+04 
       2.879140108092e-02       2.059593958019e+04 
       2.893250886918e-02       2.052435121131e+04 
       2.907388408283e-02       2.045186070321e+04 
       2.921553305011e-02       2.037925788384e+04 
       2.935746227310e-02       2.030682279281e+04 
       2.949967843344e-02       2.023426857389e+04 
       2.964218839832e-02       2.016152470752e+04 
       2.978499922659e-02       2.008864851502e+04 
       2.992811817529e-02       2.001524206010e+04 
       3.007155270636e-02       1.994194892795e+04 
       3.021531049362e-02       1.986903055628e+04 
       3.035939943006e-02       1.979527163755e+04 
       3.050382763554e-02       1.972270897542e+04 
       3.064860346463e-02       1.964799607600e+04 
       3.079373551498e-02       1.957430216610e+04 
       3.093923263595e-02       1.950073791042e+04 
       3.108510393766e-02       1.942685972808e+04 
       3.123135880044e-02       1.935281528019e+04 
       3.137800688470e-02       1.927871877043e+04 
       3.152505814126e-02       1.920451847050e+04 
       3.167252282215e-02       1.913021313859e+04 
       3.182041149195e-02       1.905580798101e+04 
       3.196873503954e-02       1.898137597766e+04 
       3.211750469060e-02       1.890749393996e+04 
       3.226673202053e-02       1.883272845779e+04 
       3.241642896808e-02       1.875742218388e+04 
       3.256660784964e-02       1.868330480610e+04 
       3.271728137422e-02       1.860857997177e+04 
       3.286846265917e-02       1.853384250880e+04 
       3.302016524670e-02       1.845911955325e+04 
       3.317240312122e-02       1.838438361956e+04 
       3.332519072763e-02       1.830964480151e+04 
       3.347854299043e-02       1.823443739457e+04 
       3.363247533398e-02       1.815968202293e+04 
       3.378700370372e-02       1.808483624234e+04 
       3.394214458856e-02       1.801063898725e+04 
       3.409791504450e-02       1.793589872457e+04 
       3.425433271948e-02       1.786115453418e+04 
       3.441141587969e-02       1.778640694133e+04 
       3.456918343724e-02       1.771171097592e+04 
       3.472765497947e-02       1.763703259618e+04 
       3.488685079989e-02       1.756234514695e+04 
       3.504679193091e-02       1.748742808910e+04 
       3.520750017850e-02       1.741276788619e+04 
       3.536899815886e-02       1.733810823753e+04 
       3.553130933730e-02       1.726351155123e+04 
       3.569445806943e-02       1.718883514777e+04 
       3.585846964494e-02       1.711389154819e+04 
       3.602337033399e-02       1.703969667883e+04 
       3.618918743658e-02       1.696527428877e+04 
       3.635594933500e-02       1.689087648819e+04 
       3.652368554966e-02       1.681613169292e+04 
       3.669242679854e-02       1.674176756456e+04 
       3.686220506054e-02       1.666753468286e+04 
       3.703305364309e-02       1.659333060175e+04 
       3.720500725424e-02       1.651931966669e+04 
       3.737810207975e-02       1.644553126383e+04 
       3.755237586548e-02       1.637142600034e+04 
       3.772786800560e-02       1.629695133416e+04 
       3.790461963703e-02       1.622272873613e+04 
       3.808267374069e-02       1.614826910932e+04 
       3.826207525023e-02       1.607458407740e+04 
       3.844287116875e-02       1.600007516206e+04 
       3.862511069434e-02       1.592604369760e+04 
       3.880884535517e-02       1.585199723586e+04 
       3.899412915511e-02       1.577873510296e+04 
       3.918101873074e-02       1.570492288527e+04 
       3.936957352097e-02       1.563040198506e+04 
       3.955985595028e-02       1.555673466005e+04 
       3.975193162722e-02       1.548299844762e+04 
       3.994586955941e-02       1.540938410035e+04 
       4.014174238678e-02       1.533559406432e+04 
       4.033962663509e-02       1.526179514515e+04 
       4.053960299160e-02       1.518798387802e+04 
       4.074175660538e-02       1.511414340796e+04 
       4.094617741494e-02       1.504022808594e+04 
       4.115296050609e-02       1.496615812529e+04 
       4.136220650347e-02       1.489227768081e+04 
       4.157402199951e-02       1.481820301826e+04 
       4.178852002528e-02       1.474412855138e+04 
       4.200582056803e-02       1.467007210508e+04 
       4.222605114101e-02       1.459588053443e+04 
       4.244934741214e-02       1.452165792190e+04 
       4.267585389861e-02       1.444745325656e+04 
       4.290572473601e-02       1.437307404849e+04 
       4.313912453146e-02       1.429854755925e+04 
       4.337622931191e-02       1.422439688051e+04 
       4.361722758046e-02       1.414921383955e+04 
       4.386232149547e-02       1.407474602102e+04 
       4.411172818981e-02       1.399929504435e+04 
       4.436568125024e-02       1.392407329014e+04 
       4.462443238048e-02       1.384863363134e+04 
       4.488825327544e-02       1.377308695877e+04 
       4.515743773896e-02       1.369727474633e+04 
       4.543230408329e-02       1.362115162453e+04 
       4.571319785539e-02       1.354472145277e+04 
       4.600049494375e-02       1.346805775998e+04 
       4.629460512985e-02       1.339086483933e+04 
       4.659597616052e-02       1.331329323330e+04 
       4.690509843358e-02       1.323507991469e+04 
       4.722251040736e-02       1.315762150579e+04 
       4.754880486878e-02       1.307898205427e+04 
       4.788463622314e-02       1.299984916232e+04 
       4.823072900548e-02       1.292011032599e+04 
       4.858788785822e-02       1.283961431785e+04 
       4.895700927666e-02       1.275872155676e+04 
       4.933909549579e-02       1.267719694006e+04 
       4.973527098204e-02       1.259389391334e+04 
       5.014680210884e-02       1.251100781022e+04 
       5.057512074095e-02       1.242662139405e+04 
       5.102185263902e-02       1.234114066996e+04 
       5.148885183333e-02       1.225376923012e+04 
       5.197824241807e-02       1.216563436685e+04 
       5.249246960031e-02       1.207658263146e+04 
       5.303436231807e-02       1.198548171002e+04 
       5.360721033362e-02       1.189177586306e+04 
       5.421485941532e-02       1.179648380173e+04 
       5.486182901920e-02       1.169853807362e+04 
       5.555345768020e-02       1.159757428603e+04 
       5.629608189588e-02       1.149301794898e+04 
       5.709725412595e-02       1.138420251448e+04 
       5.796600359088e-02       1.127031213396e+04 
       5.891313777424e-02       1.115026363288e+04 
       5.995156909018e-02       1.102222069461e+04 
       6.109662346827e-02       1.088443945957e+04 
       6.236623561159e-02       1.073408842485e+04 
       6.378084807052e-02       1.056797062700e+04 
       6.536270676242e-02       1.038070794953e+04 
       6.713412542080e-02       1.016681353890e+04 
       6.911431855414e-02       9.918698010141e+03 
       7.131485161213e-02       9.629934261619e+03 
       7.373483685382e-02       9.294673381828e+03 
       7.635825183098e-02       8.911002036988e+03 
       7.915569080917e-02       8.484296673458e+03 
       8.209046242687e-02       8.024899100850e+03 
       8.512601354786e-02       7.549620419108e+03 
       8.823126743664e-02       7.077191013592e+03 
       9.138264223924e-02       6.625186693534e+03 
       9.456360502778e-02       6.208552112907e+03 
       9.776316390904e-02       5.837065712741e+03 
       1.009742584603e-01       5.517041917761e+03 
       1.041924514928e-01       5.247309555306e+03 
       1.074149920421e-01       5.026389015146e+03 
       1.106401887192e-01       4.846796226887e+03 
       1.138670068113e-01       4.700463036236e+03 
       1.170948151891e-01       4.578423203359e+03 
       1.203232295080e-01       4.470482528859e+03 
       1.235520158716e-01       4.367365172433e+03 
       1.267810319398e-01       4.261950567122e+03 
       1.300101910345e-01       4.147453846402e+03 
       1.332394403027e-01       4.020812376680e+03 
       1.364687474449e-01       3.880932798119e+03 
       1.396980926545e-01       3.730157228312e+03 
       1.429274637221e-01       3.571155163780e+03 
       1.461568530646e-01       3.408240766652e+03 
       1.493862559192e-01       3.246669165218e+03 
       1.526156692477e-01       3.091294456806e+03 
       1.558450910699e-01       2.945859116436e+03 
       1.590745200580e-01       2.814022387169e+03 
       1.623039552898e-01       2.697175097741e+03 
       1.655333960978e-01       2.596188597866e+03 
       1.687628419773e-01       2.510619517880e+03 
       1.719922925295e-01       2.438595816723e+03 
       1.752217474264e-01       2.378104028351e+03 
       1.784512063890e-01       2.326129662763e+03 
       1.816806691738e-01       2.280243610340e+03 
       1.849101355637e-01       2.237200550439e+03 
       1.881396053621e-01       2.194321405528e+03 
       1.913690783896e-01       2.149794852800e+03 
       1.945985544806e-01       2.101400971534e+03 
       1.978280334818e-01       2.048685666090e+03 
       2.010575152506e-01       1.991543851765e+03 
       2.042869996540e-01       1.930786194542e+03 
       2.075164865675e-01       1.867756760998e+03 
       2.107459758745e-01       1.803856358882e+03 
       2.139754674658e-01       1.740829968358e+03 
       2.172049612386e-01       1.680148185563e+03 
       2.204344570963e-01       1.622878430795e+03 
       2.236639549477e-01       1.569868726240e+03 
       2.268934547073e-01       1.521781745025e+03 
       2.301229562940e-01       1.478597140688e+03 
       2.333524596316e-01       1.440401960007e+03 
       2.365819646477e-01       1.406812728770e+03 
       2.398114712742e-01       1.376992426849e+03 
       2.430409794463e-01       1.350148186236e+03 
       2.462704891030e-01       1.325404592386e+03 
       2.495000001862e-01       1.301745714316e+03 
       2.527295126408e-01       1.278351362318e+03 
       2.559590264146e-01       1.254454821678e+03 
       2.591885414580e-01       1.229799984874e+03 
       2.624180577239e-01       1.204143086865e+03 
       2.656475751673e-01       1.177261795390e+03 
       2.688770937457e-01       1.149311280977e+03 
       2.721066134183e-01       1.120824139584e+03 
       2.753361341464e-01       1.092044017738e+03 
       2.785656558932e-01       1.063331949097e+03 
       2.817951786233e-01       1.035393493219e+03 
       2.850247023031e-01       1.008562627400e+03 
       2.882542269007e-01       9.832383405610e+02 
       2.914837523852e-01       9.596076514234e+02 
       2.947132787274e-01       9.378663908487e+02 
       2.979428058993e-01       9.178214003878e+02 
       3.011723338739e-01       8.993829355457e+02 
       3.044018626257e-01       8.822731157540e+02 
       3.076313921300e-01       8.663299471497e+02 
       3.108609223632e-01       8.512619832283e+02 
       3.140904533028e-01       8.367754602118e+02 
       3.173199849271e-01       8.226120298399e+02 
       3.205495172152e-01       8.085643614245e+02 
       3.237790501472e-01       7.943326004897e+02 
       3.270085837040e-01       7.799509335258e+02 
       3.302381178670e-01       7.653162381087e+02 
       3.334676526187e-01       7.504976897068e+02 
       3.366971879420e-01       7.355168589509e+02 
       3.399267238205e-01       7.205717080531e+02 
       3.431562602385e-01       7.057977420236e+02 
       3.463857971808e-01       6.913079161680e+02 
       3.496153346328e-01       6.772427901348e+02 
       3.528448725805e-01       6.636772998561e+02 
       3.560744110103e-01       6.506715441022e+02 
       3.593039499092e-01       6.383458021569e+02 
       3.625334892645e-01       6.266517851170e+02 
       3.657630290642e-01       6.155912462169e+02 
       3.689925692964e-01       6.051006315996e+02 
       3.722221099500e-01       5.950971148756e+02 
       3.754516510139e-01       5.855200966452e+02 
       3.786811924777e-01       5.762673804467e+02 
       3.819107343311e-01       5.671276007413e+02 
       3.851402765643e-01       5.581628052088e+02 
       3.883698191678e-01       5.492775631540e+02 
       3.915993621324e-01       5.404780235357e+02 
       3.948289054492e-01       5.317072802140e+02 
       3.980584491096e-01       5.229618057119e+02 
       4.012879931052e-01       5.142476598877e+02 
       4.045175374280e-01       5.055942252855e+02 
       4.077470820703e-01       4.970252869017e+02 
       4.109766270243e-01       4.886442471188e+02 
       4.142061722829e-01       4.804488132852e+02 
       4.174357178389e-01       4.724134682116e+02 
       4.206652636854e-01       4.646588639317e+02 
       4.238948098158e-01       4.571424054824e+02 
       4.271243562236e-01       4.498730109303e+02 
       4.303539029025e-01       4.428456673800e+02 
       4.335834498465e-01       4.360477251431e+02 
       4.368129970497e-01       4.294700576400e+02 
       4.400425445063e-01       4.230956710401e+02 
       4.432720922108e-01       4.168958727320e+02 
       4.465016401577e-01       4.108979756900e+02 
       4.497311883419e-01       4.049924006679e+02 
       4.529607367582e-01       3.991760949149e+02 
       4.561902854017e-01       3.934594074368e+02 
       4.594198342676e-01       3.878073307028e+02 
       4.626493833512e-01       3.822443597435e+02 
       4.658789326480e-01       3.767230927873e+02 
       4.691084821535e-01       3.712425365617e+02 
       4.723380318635e-01       3.658610201407e+02 
       4.755675817738e-01       3.605627731485e+02 
       4.787971318803e-01       3.553548046755e+02 
       4.820266821790e-01       3.502120802081e+02 
       4.852562326661e-01       3.451761464680e+02 
       4.884857833379e-01       3.402621749258e+02 
       4.917153341906e-01       3.354723841966e+02 
       4.949448852208e-01       3.308182686118e+02 
       4.981744364250e-01       3.262846802567e+02 
       5.014039877998e-01       3.218638109378e+02 
       5.046335393420e-01       3.175574670757e+02 
       5.078630910482e-01       3.133470082732e+02 
       5.110926429155e-01       3.092231367121e+02 
       5.143221949407e-01       3.051852006224e+02 
       5.175517471209e-01       3.012243357533e+02 
       5.207812994532e-01       2.973105168171e+02 
       5.240108519348e-01       2.934670664544e+02 
       5.272404045630e-01       2.896774939904e+02 
       5.304699573349e-01       2.859376669753e+02 
       5.336995102481e-01       2.822453770421e+02 
       5.369290633000e-01       2.786031710913e+02 
       5.401586164880e-01       2.750144818454e+02 
       5.433881698098e-01       2.714944563717e+02 
       5.466177232629e-01       2.680297377175e+02 
       5.498472768451e-01       2.646213713168e+02 
       5.530768305541e-01       2.612863861219e+02 
       5.563063843876e-01       2.580277257907e+02 
       5.595359383435e-01       2.547969803759e+02 
       5.627654924197e-01       2.516461884697e+02 
       5.659950466141e-01       2.485567989442e+02 
       5.692246009247e-01       2.455293238830e+02 
       5.724541553495e-01       2.425804414770e+02 
       5.756837098867e-01       2.396708668025e+02 
       5.789132645342e-01       2.368000682968e+02 
       5.821428192903e-01       2.339889483656e+02 
       5.853723741532e-01       2.312213736421e+02 
       5.886019291211e-01       2.285033313847e+02 
       5.918314841923e-01       2.258179760370e+02 
       5.950610393651e-01       2.231751094337e+02 
       5.982905946378e-01       2.205738924422e+02 
       6.015201500089e-01       2.180128451127e+02 
       6.047497054767e-01       2.154893415543e+02 
       6.079792610398e-01       2.130016304362e+02 
       6.112088166965e-01       2.105414569193e+02 
       6.144383724454e-01       2.081249782433e+02 
       6.176679282851e-01       2.057464682710e+02 
       6.208974842142e-01       2.034082595141e+02 
       6.241270402312e-01       2.011113645330e+02 
       6.273565963348e-01       1.988546869676e+02 
       6.305861525236e-01       1.966355474536e+02 
       6.669102445146e-01       1.739396739169e+02 
       7.104095382513e-01       1.512700554411e+02 
       7.649312676197e-01       1.283148390125e+02 
       8.378817283983e-01       1.045718466408e+02 
       9.446538761598e-01       7.963372855617e+01 
       1.115678028935e+00       5.428341592089e+01 
       1.382498236976e+00       3.285332004085e+01 
       1.738968729472e+00       1.901705449802e+01 
       2.189210600574e+00       1.088801276132e+01 
       2.756052800051e+00       6.184150124961e+00 
       3.469664906211e+00       3.486451516761e+00 
       4.368049320839e+00       1.952393018391e+00 
       5.499048289975e+00       1.086768748794e+00 
       6.922891632933e+00       6.016364629043e-01 
       8.715404199796e+00       3.313620758797e-01 
       1.097204382118e+01       1.816398151061e-01 
       1.381298478580e+01       9.913902397844e-02 
       1.738951755958e+01       5.389025283613e-02 
       2.189210555459e+01       2.918577184611e-02 
       2.756052800035e+01       1.574772930640e-02 
       3.469664906211e+01       8.467554872014e-03 
       4.368049320839e+01       4.536284892626e-03 
       5.499048289975e+01       2.421651554565e-03 
       6.922891632933e+01       1.287424662055e-03 
       8.715404199796e+01       6.811817607128e-04 
       1.097204382118e+02       3.583131695611e-04 
