# PT power spectra for matter and bias tracers P, P_CTR (for c_s^2 = 1 (Mpc/h)^2 ), Id2d2, Id2, IG2, Id2G2, IG2G2, IFG2, P_Tree at redshift z=0
# for k=1.04821e-05 to 104.929 h/Mpc,
# number of wavenumbers equal to 132
#    1:k (h/Mpc)              2:P_1loop (Mpc/h)^3      3:P_CTR (Mpc/h)^3        4:Id2d2 (Mpc/h)^3        5:Id2 (Mpc/h)^3          6:IG2 (Mpc/h)^3          7:Id2G2 (Mpc/h)^3        8:IG2G2 (Mpc/h)^3        9:IFG2 (Mpc/h)^3        10:P_Tree (Mpc/h)^3   
       1.048206813348e-05      -1.025826048537e-07      -5.038559054197e-09       2.745837496512e+06       5.419541352012e-16      -3.050930856773e+00       2.745837496512e+06      -2.745837496512e+06      -3.050930856773e+00       4.585771347757e+01 
       1.319614194140e-05      -2.016897662292e-07      -9.906402879674e-09       2.745837496512e+06       5.419541352012e-16      -3.050930856773e+00       2.745837496512e+06      -2.745837496512e+06      -3.050930856773e+00       5.688817866272e+01 
       1.661295842767e-05      -4.184089871933e-07      -2.055099579182e-08       2.745837496512e+06       5.419541352012e-16      -3.050930856773e+00       2.745837496512e+06      -2.745837496512e+06      -3.050930856773e+00       7.446272300149e+01 
       2.091447552967e-05      -1.102103222878e-06      -5.413195246872e-08       2.745837496512e+06       5.419541352012e-16      -3.050930856773e+00       2.745837496512e+06      -2.745837496512e+06      -3.050930856773e+00       1.237541396403e+02 
       2.632976471865e-05      -1.614128032011e-06      -7.928117803809e-08       2.745837496512e+06       5.419541352012e-16      -3.050930856773e+00       2.745837496512e+06      -2.745837496512e+06      -3.050930856773e+00       1.143605243926e+02 
       3.314720989087e-05      -3.208684253220e-06      -1.576009752790e-07       2.745837496512e+06       5.419541352012e-16      -3.050930856773e+00       2.745837496512e+06      -2.745837496512e+06      -3.050930856773e+00       1.434382387979e+02 
       4.172986486169e-05      -6.406649989020e-06      -3.146755301695e-07       2.745837496512e+06       5.419541352012e-16      -3.050930856773e+00       2.745837496512e+06      -2.745837496512e+06      -3.050930856773e+00       1.807045200816e+02 
       5.253478730511e-05      -1.265482835733e-05      -6.218303387925e-07       2.745837496512e+06       4.847408170061e-01      -3.318601441941e+00       2.745837496512e+06      -2.745837496512e+06      -3.051057729147e+00       2.252591248573e+02 
       6.613737874161e-05      -2.505973556241e-05      -1.231508996771e-06       2.745836892019e+06       5.251451271606e-02      -3.077138712484e+00       2.745837448260e+06      -2.745837467388e+06      -3.051163051648e+00       2.815421670620e+02 
       8.326202676727e-05      -4.963610311610e-05      -2.439589300413e-06       2.745836822646e+06      -2.168763941422e-02      -3.063837520132e+00       2.745837483281e+06      -2.745837495647e+06      -3.051365998156e+00       3.519028294125e+02 
       1.048206813348e-04      -9.827364181203e-05      -4.830925361027e-06       2.745836815139e+06      -1.967388458478e-02      -3.059415186421e+00       2.745837478703e+06      -2.745837496473e+06      -3.051760679473e+00       4.396796557355e+02 
       1.319614194140e-04      -1.944777348661e-04      -9.562204701064e-06       2.745836813503e+06      -1.268359404278e-02      -3.055991500540e+00       2.745837468285e+06      -2.745837496433e+06      -3.052532902955e+00       5.491159781328e+02 
       1.661295842767e-04      -3.847659384673e-04      -1.892369347917e-05       2.745836810871e+06      -8.886819967290e-03      -3.054084069758e+00       2.745837451800e+06      -2.745837496395e+06      -3.054050147880e+00       6.856649457016e+02 
       2.091447552967e-04      -7.611671920578e-04      -3.744932954674e-05       2.745836806687e+06      -7.092683380921e-03      -3.052940578051e+00       2.745837425693e+06      -2.745837496350e+06      -3.057039274709e+00       8.561504567312e+02 
       2.632976471865e-04      -1.505278188929e-03      -7.409325343259e-05       2.745836800026e+06      -6.831036033143e-03      -3.052222260624e+00       2.745837384336e+06      -2.745837496288e+06      -3.062934789402e+00       1.068771116461e+03 
       3.314720989087e-04      -2.975426276078e-03      -1.465428387643e-04       2.745836789449e+06      -8.036438669828e-03      -3.051756733926e+00       2.745837318812e+06      -2.745837496187e+06      -3.074568687416e+00       1.333738368306e+03 
       4.172986486169e-04      -5.877445714814e-03      -2.896871490128e-04       2.745836772656e+06      -1.100012934048e-02      -3.051451170178e+00       2.745837215003e+06      -2.745837496000e+06      -3.097523740914e+00       1.663547775139e+03 
       5.253478730511e-04      -1.159853334278e-02      -5.722180229138e-04       2.745836746002e+06      -1.635971747829e-02      -3.051243128618e+00       2.745837050540e+06      -2.745837495614e+06      -3.142783309918e+00       2.073325974392e+03 
       6.613737874161e-04      -2.285682138809e-02      -1.129047474051e-03       2.745836703717e+06      -2.523077059135e-02      -3.051134438353e+00       2.745836790008e+06      -2.745837494758e+06      -3.231896843893e+00       2.581179910072e+03 
       8.326202676727e-04      -4.495735758412e-02      -2.224287754214e-03       2.745836636656e+06      -3.944527503931e-02      -3.051451306984e+00       2.745836377366e+06      -2.745837492774e+06      -3.406990217065e+00       3.208463327185e+03 
       1.048206813348e-03      -8.820000339447e-02      -4.372758972091e-03       2.745836530335e+06      -6.185905111508e-02      -3.052056113907e+00       2.745835723995e+06      -2.745837488088e+06      -3.750008009918e+00       3.979804351655e+03 
       1.319614194140e-03      -1.724412422631e-01      -8.572145778043e-03       2.745836361831e+06      -9.677427022194e-02      -3.053404126839e+00       2.745834689948e+06      -2.745837476941e+06      -4.419281741697e+00       4.922615135895e+03 
       1.661295842767e-03      -3.355921261834e-01      -1.674048451308e-02       2.745836094891e+06      -1.504182394004e-01      -3.056631762119e+00       2.745833054650e+06      -2.745837450480e+06      -5.717900308186e+00       6.065612537692e+03 
       2.091447552967e-03      -6.491623317326e-01      -3.252905798753e-02       2.745835672254e+06      -2.312171155586e-01      -3.064545102143e+00       2.745830471474e+06      -2.745837388128e+06      -8.219299419434e+00       7.436673928806e+03 
       2.632976471865e-03      -1.245842151563e+00      -6.279712648496e-02       2.745835003633e+06      -3.491074242635e-01      -3.084048224546e+00       2.745826398179e+06      -2.745837242930e+06      -1.299126229593e+01       9.058332108044e+03 
       3.314720989087e-03      -2.366708117487e+00      -1.202169201569e-01       2.745833947031e+06      -5.119370766670e-01      -3.131953865386e+00       2.745819992284e+06      -2.745836910088e+06      -2.198175984559e+01       1.094148979173e+04 
       4.172986486169e-03      -4.437867766714e+00      -2.277065902199e-01       2.745832279916e+06      -7.143563864399e-01      -3.248561777986e+00       2.745809958131e+06      -2.745836162080e+06      -3.865100140334e+01       1.307648857355e+04 
       5.253478730511e-03      -8.185511968650e+00      -4.255960884383e-01       2.745829655222e+06      -9.091437911444e-01      -3.528373466159e+00       2.745794333144e+06      -2.745834521705e+06      -6.893394963698e+01       1.542134305124e+04 
       6.613737874161e-03      -1.478749617908e+01      -7.823774393261e-01       2.745825535052e+06      -9.407456083113e-01      -4.186541230367e+00       2.745770210571e+06      -2.745831030547e+06      -1.225462741096e+02       1.788784441974e+04 
       8.326202676727e-03      -2.601964330132e+01      -1.408749345085e+00       2.745819092249e+06      -4.047146797627e-01      -5.693937031348e+00       2.745733425852e+06      -2.745823867376e+06      -2.143695155838e+02       2.032389644535e+04 
       1.048206813348e-02      -4.427410514757e+01      -2.471833459971e+00       2.745809066282e+06       1.620971889608e+00      -9.027884319225e+00       2.745678299850e+06      -2.745809812281e+06      -3.651128754333e+02       2.250338795102e+04 
       1.319614194140e-02      -7.210794380508e+01      -4.196547994612e+00       2.745793554156e+06       7.022763353727e+00      -1.607474488395e+01       2.745597646104e+06      -2.745783698817e+06      -5.990289985149e+02       2.411073741115e+04 
       1.661295842764e-02      -1.107165705133e+02      -6.826812061911e+00       2.745769706908e+06       1.923503634814e+01      -3.011811471025e+01       2.745483381637e+06      -2.745738293548e+06      -9.351180683569e+02       2.475472654128e+04 
       2.091447537185e-02      -1.567296967600e+02      -1.051130391127e+01       2.745733285768e+06       4.362676038879e+01      -5.605149305691e+01       2.745328082761e+06      -2.745665342868e+06      -1.369278781292e+03       2.405446484558e+04 
       2.632964289617e-02      -1.980092898185e+02      -1.511988608618e+01       2.745678023161e+06       8.685684122636e+01      -9.950824932948e+01       2.745127371396e+06      -2.745558166162e+06      -1.853642999418e+03       2.182559329862e+04 
       3.313015540952e-02      -2.147323447980e+02      -2.022338256992e+01       2.745595010760e+06       1.542028226617e+02      -1.641414504038e+02       2.744882435448e+06      -2.745414456283e+06      -2.306987174688e+03       1.840538039617e+04 
       4.115648482541e-02      -1.991861031118e+02      -2.546319358945e+01       2.745479720224e+06       2.415720029773e+02      -2.446275578268e+02       2.744614880833e+06      -2.745244652590e+06      -2.683387034314e+03       1.496657974972e+04 
       4.794853901947e-02      -1.814679249171e+02      -3.003406967686e+01       2.745369653469e+06       3.176159415431e+02      -3.125349374427e+02       2.744409346421e+06      -2.745103819756e+06      -2.972713345811e+03       1.298773665171e+04 
       5.286991590372e-02      -1.752170140490e+02      -3.374453352348e+01       2.745283895881e+06       3.740104999086e+02      -3.619099642801e+02       2.744272779008e+06      -2.745004036836e+06      -3.198653223228e+03       1.201521786922e+04 
       5.692425044606e-02      -1.745851916384e+02      -3.705542129321e+01       2.745210017753e+06       4.217607869573e+02      -4.031547568575e+02       2.744168385558e+06      -2.744924015409e+06      -3.393856652733e+03       1.140874886150e+04 
       6.054228187972e-02      -1.753810790561e+02      -4.011187476755e+01       2.745141946252e+06       4.655142456929e+02      -4.405264861408e+02       2.744081677385e+06      -2.744854999486e+06      -3.566020752225e+03       1.095043512493e+04 
       6.391567100783e-02      -1.747242559469e+02      -4.293636408088e+01       2.745076878291e+06       5.071934031072e+02      -4.757636000887e+02       2.744006501755e+06      -2.744793310608e+06      -3.715238949463e+03       1.054971628435e+04 
       6.714571233786e-02      -1.703049635285e+02      -4.550560755374e+01       2.745013303391e+06       5.476491400723e+02      -5.096300519725e+02       2.743939759670e+06      -2.744737157553e+06      -3.839187890370e+03       1.016053854279e+04 
       7.029307887435e-02      -1.603533641183e+02      -4.778598147018e+01       2.744950307095e+06       5.872197084986e+02      -5.424316719300e+02       2.743879690204e+06      -2.744685569726e+06      -3.935547632378e+03       9.758738297096e+03 
       7.339759294285e-02      -1.437397599613e+02      -4.975220686075e+01       2.744887287969e+06       6.259633434510e+02      -5.742305215230e+02       2.743825196188e+06      -2.744637968900e+06      -4.003197470081e+03       9.333642261909e+03 
       7.648730228109e-02      -1.198777249607e+02      -5.139023951110e+01       2.744823826385e+06       6.637750668856e+02      -6.049514879269e+02       2.743775537082e+06      -2.744593971256e+06      -4.042208401722e+03       8.882768806318e+03 
       7.958312172264e-02      -8.866290213624e+01      -5.269841017131e+01       2.744759617194e+06       7.004561884671e+02      -6.344449728835e+02       2.743730170058e+06      -2.744553280456e+06      -4.053756009215e+03       8.408932607510e+03 
       8.270141062852e-02      -5.091915154908e+01      -5.370767107986e+01       2.744694432457e+06       7.357757156865e+02      -6.625410006225e+02       2.743688663637e+06      -2.744515627503e+06      -4.041463713197e+03       7.921229297754e+03 
       8.585549925407e-02      -8.114561085528e+00      -5.447188714914e+01       2.744628099536e+06       7.695104750934e+02      -6.890823415333e+02       2.743650654793e+06      -2.744480749301e+06      -4.010465612326e+03       7.431858443965e+03 
       8.905664048953e-02       3.778944264494e+01      -5.506307789092e+01       2.744560487442e+06       8.014807669720e+02      -7.139542304661e+02       2.743615819265e+06      -2.744448368994e+06      -3.966876142502e+03       6.954136651965e+03 
       9.231462875748e-02       8.438234829045e+01      -5.557153910064e+01       2.744491496774e+06       8.315985964606e+02      -7.371209813808e+02       2.743583864070e+06      -2.744418198074e+06      -3.917602937077e+03       6.501361691503e+03 
       9.563821663603e-02       1.291163477788e+02      -5.609416138583e+01       2.744421053377e+06       8.598654916104e+02      -7.586208074035e+02       2.743554525577e+06      -2.744389949592e+06      -3.869552181674e+03       6.085456030324e+03 
       9.903540345489e-02       1.695901424833e+02      -5.672471282562e+01       2.744349102261e+06       8.864049756275e+02      -7.785888845991e+02       2.743527572679e+06      -2.744363347603e+06      -3.828824477327e+03       5.715092883930e+03 
       1.025136399664e-01       2.037670447545e+02      -5.754582702571e+01       2.744275601068e+06       9.114502288389e+02      -7.972419959029e+02       2.743502822389e+06      -2.744338158925e+06      -3.800274565276e+03       5.395305384741e+03 
       1.060799762888e-01       2.301169006584e+02      -5.862332374457e+01       2.744200518412e+06       9.353241120845e+02      -8.148621972645e+02       2.743480135698e+06      -2.744314195926e+06      -3.787264464184e+03       5.127489791044e+03 
       1.097411704537e-01       2.483257372580e+02      -5.997927042259e+01       2.744123825342e+06       9.584115203560e+02      -8.317687591379e+02       2.743459443829e+06      -2.744291358914e+06      -3.790043167896e+03       4.907425500564e+03 
       1.135037689363e-01       2.590668893705e+02      -6.159928034528e+01       2.744045496378e+06       9.810999458800e+02      -8.482738258731e+02       2.743440733728e+06      -2.744269625303e+06      -3.806550921485e+03       4.727225504679e+03 
       1.173741668454e-01       2.642305662644e+02      -6.342318171308e+01       2.743965505024e+06       1.003735726523e+03      -8.646457337484e+02       2.743424058231e+06      -2.744249068911e+06      -3.832043829173e+03       4.575236524859e+03 
       1.213586530975e-01       2.669343806126e+02      -6.534247048374e+01       2.743883823933e+06       1.026531017943e+03      -8.810391110796e+02       2.743409519635e+06      -2.744229843195e+06      -3.859384206241e+03       4.437370534323e+03 
       1.254634443732e-01       2.712168323433e+02      -6.721142287758e+01       2.743800428273e+06       1.049559134807e+03      -8.974935867081e+02       2.743397253616e+06      -2.744212161447e+06      -3.879757706948e+03       4.298083310923e+03 
       1.296947106466e-01       2.811213040515e+02      -6.887813725822e+01       2.743715296754e+06       1.072656669136e+03      -9.138610113282e+02       2.743387402884e+06      -2.744196259982e+06      -3.884946033500e+03       4.144450552302e+03 
       1.340585944145e-01       3.000118983032e+02      -7.021058237693e+01       2.743628419166e+06       1.095495982208e+03      -9.298671580261e+02       2.743380092564e+06      -2.744182361669e+06      -3.868467109255e+03       3.967164679875e+03 
       1.385612253051e-01       3.294099191535e+02      -7.113778053086e+01       2.743539800347e+06       1.117568416944e+03      -9.451044943788e+02       2.743375399860e+06      -2.744170628357e+06      -3.827924024862e+03       3.764176981027e+03 
       1.432087314536e-01       3.686547381464e+02      -7.166515043712e+01       2.743449466595e+06       1.138329161223e+03      -9.591487130320e+02       2.743373338960e+06      -2.744161132224e+06      -3.765130358630e+03       3.540002469965e+03 
       1.480072488336e-01       4.147498837121e+02      -7.188112604733e+01       2.743357467985e+06       1.157243854249e+03      -9.715960262719e+02       2.743373853543e+06      -2.744153843832e+06      -3.686253932447e+03       3.305608974748e+03 
       1.529629296113e-01       4.627679815825e+02      -7.194791735320e+01       2.743263878266e+06       1.173986728575e+03      -9.822146357715e+02       2.743376827365e+06      -2.744148634465e+06      -3.600483357786e+03       3.075032332469e+03 
       1.580819505061e-01       5.068073003782e+02      -7.206739719215e+01       2.743168791089e+06       1.188425170358e+03      -9.909290179647e+02       2.743382103513e+06      -2.744145311812e+06      -3.518348668387e+03       2.863017578410e+03 
       1.633705220937e-01       5.416214086919e+02      -7.242773327918e+01       2.743072309918e+06       1.200760887555e+03      -9.979237143876e+02       2.743389527362e+06      -2.744143671359e+06      -3.448502232008e+03       2.679682572206e+03 
       1.688348999518e-01       5.641512706519e+02      -7.314622519619e+01       2.742974540258e+06       1.211373846432e+03      -1.003517567851e+03       2.743398969292e+06      -2.744143542986e+06      -3.395663535401e+03       2.529567410536e+03 
       1.744813985356e-01       5.751493472483e+02      -7.421218475585e+01       2.742875579001e+06       1.220794219488e+03      -1.008136957129e+03       2.743410359129e+06      -2.744144840441e+06      -3.358033539845e+03       2.408859733738e+03 
       1.803164086485e-01       5.783572995561e+02      -7.550825484278e+01       2.742775509093e+06       1.229442842355e+03      -1.012116900951e+03       2.743423688696e+06      -2.744147576035e+06      -3.329377079834e+03       2.308558485987e+03 
       1.863464193734e-01       5.799413330395e+02      -7.682883892889e+01       2.742674402626e+06       1.237587829772e+03      -1.015669027198e+03       2.743438996124e+06      -2.744151842089e+06      -3.300043865927e+03       2.215775096469e+03 
       1.925780453182e-01       5.865344304616e+02      -7.794165491479e+01       2.742572327250e+06       1.245127248312e+03      -1.018716133502e+03       2.743456333508e+06      -2.744157766888e+06      -3.260484411081e+03       2.118457835248e+03 
       1.990180600359e-01       6.029479677429e+02      -7.866956631163e+01       2.742469357724e+06       1.251749022682e+03      -1.021017890184e+03       2.743475731505e+06      -2.744165461379e+06      -3.204122868948e+03       2.008113604127e+03 
       2.056734364934e-01       6.278590272645e+02      -7.903741221616e+01       2.742365588592e+06       1.256966808189e+03      -1.022200110945e+03       2.743497158276e+06      -2.744174950594e+06      -3.133333065632e+03       1.886442522642e+03 
       2.125513954925e-01       6.568987873378e+02      -7.917671970113e+01       2.742261134780e+06       1.260406409192e+03      -1.021980417922e+03       2.743520529363e+06      -2.744186182890e+06      -3.054363112763e+03       1.760236190748e+03 
       2.196594630092e-01       6.832784833183e+02      -7.930856227210e+01       2.742156132226e+06       1.261916126198e+03      -1.020254356619e+03       2.743545707026e+06      -2.744199023684e+06      -2.976248971510e+03       1.640454673951e+03 
       2.270055375094e-01       7.033046231284e+02      -7.956192104402e+01       2.742050716234e+06       1.261605667752e+03      -1.017113236897e+03       2.743572555847e+06      -2.744213332333e+06      -2.903785124040e+03       1.533788277353e+03 
       2.345979684537e-01       7.159030518319e+02      -7.998537483191e+01       2.741945015228e+06       1.259756963310e+03      -1.012778802963e+03       2.743600945785e+06      -2.744228972294e+06      -2.838285804516e+03       1.442852361334e+03 
       2.424456474145e-01       7.227656901955e+02      -8.053252507355e+01       2.741839127478e+06       1.256643779909e+03      -1.007473337014e+03       2.743630793957e+06      -2.744245869785e+06      -2.777696184262e+03       1.364319682401e+03 
       2.505581135402e-01       7.268252888248e+02      -8.111160608850e+01       2.741733136254e+06       1.252467663734e+03      -1.001370432576e+03       2.743662034600e+06      -2.744263980973e+06      -2.718571953673e+03       1.292611797025e+03 
       2.589456755167e-01       7.316510094618e+02      -8.160123880377e+01       2.741627113132e+06       1.247243005599e+03      -9.945083777915e+02       2.743694622988e+06      -2.744283299813e+06      -2.656940389857e+03       1.221635810249e+03 
       2.676195527440e-01       7.391860583376e+02      -8.193141795958e+01       2.741521138081e+06       1.240888394656e+03      -9.868377243692e+02       2.743728503829e+06      -2.744303809758e+06      -2.590807848049e+03       1.148725495237e+03 
       2.765920392011e-01       7.491833386138e+02      -8.210344776972e+01       2.741415301052e+06       1.233254692878e+03      -9.782393659613e+02       2.743763605782e+06      -2.744325473719e+06      -2.520727944737e+03       1.075308423229e+03 
       2.858766944684e-01       7.589117873858e+02      -8.220387274876e+01       2.741309692313e+06       1.224296108654e+03      -9.686658187966e+02       2.743799843341e+06      -2.744348222470e+06      -2.449611573324e+03       1.004870427755e+03 
       2.954885676990e-01       7.652006528617e+02      -8.233716908318e+01       2.741204392324e+06       1.214048710136e+03      -9.581344381518e+02       2.743837123244e+06      -2.744371969548e+06      -2.380727543934e+03       9.409003831697e+02 
       3.054444620796e-01       7.681404185891e+02      -8.250574239594e+01       2.741099455730e+06       1.202636580336e+03      -9.467527551781e+02       2.743875369653e+06      -2.744396644444e+06      -2.314020594220e+03       8.829167760145e+02 
       3.157632496489e-01       7.689804051548e+02      -8.267324888543e+01       2.740994921439e+06       1.190158976204e+03      -9.346145843968e+02       2.743914515025e+06      -2.744422188416e+06      -2.248366860251e+03       8.291804417059e+02 
       3.264662494718e-01       7.695672244194e+02      -8.277999765716e+01       2.740890816045e+06       1.176631013863e+03      -9.217484187796e+02       2.743954505106e+06      -2.744448562515e+06      -2.182197214575e+03       7.774812808295e+02 
       3.375776864037e-01       7.700036813847e+02      -8.282139049461e+01       2.740787165909e+06       1.162063350105e+03      -9.081664705540e+02       2.743995288115e+06      -2.744475727826e+06      -2.115453706572e+03       7.273345561509e+02 
       3.491252535009e-01       7.691596057531e+02      -8.283256019124e+01       2.740683991374e+06       1.146473397734e+03      -8.938756609606e+02       2.744036813988e+06      -2.744503643717e+06      -2.049148953757e+03       6.795913642037e+02 
       3.611408092198e-01       7.670576061890e+02      -8.281423701961e+01       2.740581296600e+06       1.129894338563e+03      -8.788954674518e+02       2.744079044722e+06      -2.744532276626e+06      -1.983330393316e+03       6.346734511767e+02 
       3.736612519576e-01       7.639263265593e+02      -8.276049543717e+01       2.740479064613e+06       1.112356054970e+03      -8.632481006450e+02       2.744121949109e+06      -2.744561596631e+06      -1.917841436881e+03       5.926013902209e+02 
       3.867296308400e-01       7.595833360752e+02      -8.267607107213e+01       2.740377256447e+06       1.093861940827e+03      -8.469473780240e+02       2.744165506602e+06      -2.744591582131e+06      -1.852800207988e+03       5.528411744505e+02 
       4.003965754955e-01       7.541229832823e+02      -8.255740662084e+01       2.740275819582e+06       1.074416544756e+03      -8.300020888587e+02       2.744209707098e+06      -2.744622220435e+06      -1.788133947492e+03       5.150334871010e+02 
       4.147221629493e-01       7.478407016794e+02      -8.239518356918e+01       2.740174683055e+06       1.054026875791e+03      -8.124156613464e+02       2.744254552369e+06      -2.744653508181e+06      -1.723623885067e+03       4.790717776437e+02 
       4.297783933988e-01       7.404091171813e+02      -8.219877566790e+01       2.740073751061e+06       1.032685929847e+03      -7.941806189999e+02       2.744300060861e+06      -2.744685453229e+06      -1.659440923853e+03       4.449884905141e+02 
       4.456525297052e-01       7.316232704125e+02      -8.197312357226e+01       2.739972893313e+06       1.010378012859e+03      -7.752847231243e+02       2.744346268764e+06      -2.744718076525e+06      -1.595653632419e+03       4.127343675979e+02 
       4.624516873053e-01       7.218772939621e+02      -8.170351294178e+01       2.739871940562e+06       9.870750634777e+02      -7.557099438892e+02       2.744393236208e+06      -2.744751418610e+06      -1.531908915176e+03       3.820456876778e+02 
       4.803092763053e-01       7.111044009140e+02      -8.138840374838e+01       2.739770680271e+06       9.627180107718e+02      -7.354108776800e+02       2.744441050778e+06      -2.744785540725e+06      -1.468106502025e+03       3.527942657529e+02 
       4.993942590150e-01       6.990280924450e+02      -8.103154724922e+01       2.739668837263e+06       9.372248276314e+02      -7.143230583129e+02       2.744489835275e+06      -2.744820530229e+06      -1.404230530885e+03       3.249113859965e+02 
       5.199248147477e-01       6.856287414585e+02      -8.062699497184e+01       2.739566055145e+06       9.104969868980e+02      -6.923720857337e+02       2.744539760768e+06      -2.744856511393e+06      -1.340042957450e+03       2.982616505121e+02 
       5.421891392582e-01       6.708894411074e+02      -8.016588691711e+01       2.739461869429e+06       8.823753374728e+02      -6.694366172972e+02       2.744591062934e+06      -2.744893658515e+06      -1.275230329757e+03       2.727016813101e+02 
       5.665782484124e-01       6.546506535217e+02      -7.963973450298e+01       2.739355660671e+06       8.526350708705e+02      -6.453451385760e+02       2.744644067162e+06      -2.744932214200e+06      -1.209437892255e+03       2.480902538106e+02 
       5.936399009514e-01       6.365679653245e+02      -7.904001843478e+01       2.739246586395e+06       8.209685616278e+02      -6.198641661685e+02       2.744699228678e+06      -2.744972519747e+06      -1.142235005420e+03       2.242851490983e+02 
       6.241716522248e-01       6.163597521792e+02      -7.834797239762e+01       2.739133470735e+06       7.869172007661e+02      -5.926461273066e+02       2.744757198786e+06      -2.745015067173e+06      -1.072926406402e+03       2.011032050920e+02 
       6.593909095230e-01       5.935164622261e+02      -7.753562820653e+01       2.739014616193e+06       7.498052439169e+02      -5.631811682225e+02       2.744818935455e+06      -2.745060583864e+06      -1.000524165029e+03       1.783257907218e+02 
       7.012673428080e-01       5.673682993877e+02      -7.655578167151e+01       2.738887477575e+06       7.085598675079e+02      -5.306639592231e+02       2.744885896531e+06      -2.745110181104e+06      -9.235319195522e+02       1.556719417874e+02 
       7.532244767116e-01       5.362095450899e+02      -7.534823046328e+01       2.738748084014e+06       6.614731851727e+02      -4.938181618657e+02       2.744960386322e+06      -2.745165619661e+06      -8.398626924391e+02       1.328079491868e+02 
       8.217400387371e-01       4.978717278751e+02      -7.377898220853e+01       2.738590063511e+06       6.057268846877e+02      -4.505471049596e+02       2.745046170776e+06      -2.745229794699e+06      -7.459376004075e+02       1.092604125839e+02 
       9.201281918562e-01       4.484326416255e+02      -7.159179893649e+01       2.738403666784e+06       5.365986195557e+02      -3.973878307855e+02       2.745149175237e+06      -2.745307301585e+06      -6.364311731460e+02       8.456005015997e+01 
       1.075596819086e+00       3.823062641243e+02      -6.835811514795e+01       2.738179786609e+06       4.485234616634e+02      -3.304129887003e+02       2.745275476259e+06      -2.745402977871e+06      -5.070367009633e+02       5.908670654993e+01 
       1.323276063831e+00       3.011109709344e+02      -6.378726499411e+01       2.737937480090e+06       3.465104217186e+02      -2.538500618100e+02       2.745415385640e+06      -2.745509761690e+06      -3.699428773211e+02       3.642780836686e+01 
       1.663052197866e+00       2.215861747641e+02      -5.854176293394e+01       2.737733150051e+06       2.544095298512e+02      -1.856566423284e+02       2.745536065404e+06      -2.745602542506e+06      -2.571447791044e+02       2.116674298036e+01 
       2.093603749249e+00       1.488603851548e+02      -5.320990451606e+01       2.737581889129e+06       1.820290383289e+02      -1.327177536970e+02       2.745627113142e+06      -2.745672970340e+06      -1.756617552629e+02       1.213957496092e+01 
       2.635690754566e+00       7.616557970501e+01      -4.797043728549e+01       2.737473450670e+06       1.274891877920e+02      -9.324562738472e+01       2.745693384247e+06      -2.745724483445e+06      -1.185586487077e+02       6.905332588116e+00 
       3.318138068444e+00       1.414310226761e+01      -4.292088883879e+01       2.737397367815e+06       8.757640557012e+01      -6.462287473176e+01       2.745740458779e+06      -2.745761220971e+06      -7.929962901936e+01       3.898337003507e+00 
       4.177288334205e+00       4.779384727163e-02      -3.814130672931e+01       2.737345021191e+06       5.909941643052e+01      -4.436705112544e+01       2.745773175255e+06      -2.745786837053e+06      -5.278120845009e+01       2.185777313923e+00 
       5.258894436322e+00      -5.948674222434e-06      -3.368748551276e+01       2.737309644327e+06       3.924326072810e+01      -3.034491343167e+01       2.745795469433e+06      -2.745804339747e+06      -3.515176022832e+01       1.218087742639e+00 
       6.620555843829e+00      -4.666112377622e-08      -2.958753643145e+01       2.737286120649e+06       2.567850071500e+01      -2.082665118840e+01       2.745810396282e+06      -2.745816084764e+06      -2.359316547101e+01       6.750227213498e-01 
       8.334785991999e+00      -3.537876594593e-10      -2.585198148955e+01       2.737270707907e+06       1.657816346063e+01      -1.447735328529e+01       2.745820233314e+06      -2.745823839595e+06      -1.610722364065e+01       3.721368593896e-01 
       1.049287388719e+01      -1.387402586115e-12      -2.246892933740e+01       2.737260744588e+06       1.056690090722e+01      -1.030557291972e+01       2.745826624154e+06      -2.745828886115e+06      -1.130711450096e+01       2.040715519025e-01 
       1.320974557934e+01       1.109922068892e-12      -1.946160330336e+01       2.737254387161e+06       6.663247288288e+00      -7.608546813096e+00       2.745830718470e+06      -2.745832123294e+06      -8.267205580641e+00       1.115286536624e-01 
       1.663008439317e+01       1.109922068892e-12      -1.677844863602e+01       2.737250374478e+06       4.155755021877e+00      -5.883834212657e+00       2.745833312287e+06      -2.745834176655e+06      -6.349353967187e+00       6.066806430163e-02 
       2.093603584284e+01       1.109922068892e-12      -1.441217291968e+01       2.737247869234e+06       2.566465791525e+00      -4.795007860663e+00       2.745834936652e+06      -2.745835463838e+06      -5.148231566160e+00       3.288044673090e-02 
       2.635690754478e+01       1.109922068892e-12      -1.233394240040e+01       2.737246320078e+06       1.570435947748e+00      -4.115048217446e+00       2.745835943792e+06      -2.745836262593e+06      -4.397882018136e+00       1.775456911191e-02 
       3.318138068444e+01       1.109922068892e-12      -1.051775593172e+01       2.737245370640e+06       9.523948898176e-01      -3.694547971576e+00       2.745836562474e+06      -2.745836753584e+06      -3.929198517490e+00       9.552815787620e-03 
       4.177288334205e+01       1.109922068892e-12      -8.936360385812e+00       2.737244793409e+06       5.723116188043e-01      -3.436786301972e+00       2.745836939349e+06      -2.745837052774e+06      -3.635345772039e+00       5.121169768723e-03 
       5.258894436322e+01       1.109922068892e-12      -7.566528657467e+00       2.737244444881e+06       3.405439030188e-01      -3.280078711032e+00       2.745837167255e+06      -2.745837233615e+06      -3.449740573135e+00       2.735933072979e-03 
       6.620555843829e+01       1.109922068892e-12      -6.381023471796e+00       2.737244235053e+06       2.000129133744e-01      -3.185278548249e+00       2.745837304658e+06      -2.745837342385e+06      -3.330831020612e+00       1.455792548770e-03 
       8.334785991999e+01       1.109922068892e-12      -5.356153369289e+00       2.737244107106e+06       1.142300302124e-01      -3.127325223915e+00       2.745837388734e+06      -2.745837408528e+06      -3.253133383810e+00       7.710073946640e-04 
       1.049287388719e+02       1.109922068892e-12      -4.471074666679e+00       2.745837496512e+06       5.419541352012e-16      -3.050930856773e+00       2.745837496512e+06      -2.745837496512e+06      -3.050930856773e+00       4.060906743943e-04 
