# Matter power spectrum P(k) at redshift z=0
# for k=2.09641e-07 to 10.5177 h/Mpc,
# number of wavenumbers equal to 139
#    1:k (h/Mpc)              2:P (Mpc/h)^3        
       2.096413626696e-07       1.567162138271e+02 
       2.639228388279e-07       1.077498507965e+02 
       3.322591685533e-07       1.609791843210e+02 
       4.182895105934e-07       2.701991369673e+03 
       5.265952943730e-07       6.342430596683e+03 
       6.629441978173e-07       2.497239603375e+02 
       8.345972972337e-07       4.405530063541e+01 
       1.050695746102e-06       5.374672309184e+01 
       1.322747574832e-06       3.729166224324e+01 
       1.665240535345e-06       1.284868735098e+01 
       2.096413626696e-06       4.979771219906e+01 
       2.639228388279e-06       2.985197777028e+01 
       3.322591685533e-06       4.669348096131e+01 
       4.182895105934e-06       3.321083473342e+01 
       5.265952943730e-06       3.748194601111e+01 
       6.629441978173e-06       3.975603806400e+01 
       8.345972972337e-06       4.386978513530e+01 
       1.050695746102e-05       4.553274832724e+01 
       1.322747574832e-05       5.855962618261e+01 
       1.665240535345e-05       7.289124083331e+01 
       2.096413626696e-05       9.236852613019e+01 
       2.639228388279e-05       1.155217963975e+02 
       3.322591685533e-05       1.447657546082e+02 
       4.182895105934e-05       1.810165791565e+02 
       5.265952943730e-05       2.261548659122e+02 
       6.629441978173e-05       2.824934856414e+02 
       8.345972972337e-05       3.526875208692e+02 
       1.050695746102e-04       4.404844709133e+02 
       1.322747574832e-04       5.503008866159e+02 
       1.665240535345e-04       6.872616197210e+02 
       2.096413626696e-04       8.581500581175e+02 
       2.639228388279e-04       1.071243401947e+03 
       3.322591685533e-04       1.336829290498e+03 
       4.182895105934e-04       1.667416129966e+03 
       5.265952943730e-04       2.078178712168e+03 
       6.629441978173e-04       2.587305969761e+03 
       8.345972972337e-04       3.216251208657e+03 
       1.050695746102e-03       3.989817384322e+03 
       1.322747574832e-03       4.934854810478e+03 
       1.665240535345e-03       6.080814618484e+03 
       2.096413626696e-03       7.455860480697e+03 
       2.639228388279e-03       9.082930153038e+03 
       3.322591685533e-03       1.097354890238e+04 
       4.182895105934e-03       1.311886359590e+04 
       5.265952943730e-03       1.547767414509e+04 
       6.629441978173e-03       1.794485550968e+04 
       8.345972972337e-03       2.037279689607e+04 
       1.050695746102e-02       2.254118868586e+04 
       1.322747574832e-02       2.413442188998e+04 
       1.665240535343e-02       2.476125217541e+04 
       2.096413609627e-02       2.403951666519e+04 
       2.639215465740e-02       2.179552514380e+04 
       3.320810985182e-02       1.836597205837e+04 
       4.123873045233e-02       1.493482999070e+04 
       4.800631690214e-02       1.297092176973e+04 
       5.291490530584e-02       1.200474123441e+04 
       5.696320337455e-02       1.140189866173e+04 
       6.057797191643e-02       1.094639836943e+04 
       6.394946855534e-02       1.054810496588e+04 
       6.717839874297e-02       1.016136023646e+04 
       7.032514807126e-02       9.761163415249e+03 
       7.342938253752e-02       9.337415333255e+03 
       7.651905782192e-02       8.887012795716e+03 
       7.961503122779e-02       8.413052543850e+03 
       8.273362449863e-02       7.923409552107e+03 
       8.588814242287e-02       7.431757589343e+03 
       8.908982018538e-02       6.950948747795e+03 
       9.234843965106e-02       6.494152793279e+03 
       9.567274436247e-02       6.074412650296e+03 
       9.907072708629e-02       5.700616746957e+03 
       1.025498337845e-01       5.378534486741e+03 
       1.061171110775e-01       5.109876005152e+03 
       1.097793144533e-01       4.890857175157e+03 
       1.135429885549e-01       4.713933306743e+03 
       1.174145271920e-01       4.567293613833e+03 
       1.214002183826e-01       4.436239982778e+03 
       1.255062782097e-01       4.304358733399e+03 
       1.297388762764e-01       4.157479700390e+03 
       1.341041548796e-01       3.984645436331e+03 
       1.386082435790e-01       3.782283731133e+03 
       1.432572705452e-01       3.554491471358e+03 
       1.480573718765e-01       3.312768908622e+03 
       1.530146999482e-01       3.072571902506e+03 
       1.581354317780e-01       2.850729869813e+03 
       1.634257783434e-01       2.660215681317e+03 
       1.688919957514e-01       2.507511410142e+03 
       1.745403991458e-01       2.389979944772e+03 
       1.803773802205e-01       2.298462659190e+03 
       1.864094292000e-01       2.217567200836e+03 
       1.926431621444e-01       2.131212185474e+03 
       1.990853544376e-01       2.026930008037e+03 
       2.057429813329e-01       1.902539487113e+03 
       2.126232664610e-01       1.767072890464e+03 
       2.197337392656e-01       1.635051091124e+03 
       2.270823024284e-01       1.519093005958e+03 
       2.346773104950e-01       1.426022522652e+03 
       2.425276611310e-01       1.354254079804e+03 
       2.506429007431e-01       1.293474842921e+03 
       2.590333466234e-01       1.231001512787e+03 
       2.677102283406e-01       1.159552152735e+03 
       2.766858518586e-01       1.079960299840e+03 
       2.859737908657e-01       1.000968973526e+03 
       2.955891111205e-01       9.322542777097e+02 
       3.055486353753e-01       8.764289512436e+02 
       3.158712587735e-01       8.289284464538e+02 
       3.265783277560e-01       7.818784431994e+02 
       3.376940997617e-01       7.308769760858e+02 
       3.492463068487e-01       6.788087974604e+02 
       3.612668544767e-01       6.311624741292e+02 
       3.737926981425e-01       5.904049679911e+02 
       3.868669569767e-01       5.534276312828e+02 
       4.005403473359e-01       5.162619473605e+02 
       4.148730549688e-01       4.787642404667e+02 
       4.299372181969e-01       4.437410166293e+02 
       4.458202780086e-01       4.121317137829e+02 
       4.626295834809e-01       3.822777676889e+02 
       4.804988571163e-01       3.526380146028e+02 
       4.995974881772e-01       3.243232442206e+02 
       5.201442543674e-01       2.980821897439e+02 
       5.424282149327e-01       2.725343173671e+02 
       5.668416750153e-01       2.477556649799e+02 
       5.939343975100e-01       2.240918729478e+02 
       6.245072064200e-01       2.008442241515e+02 
       6.597831560387e-01       1.781003487690e+02 
       7.017423682681e-01       1.554331337375e+02 
       7.538293271796e-01       1.325699543872e+02 
       8.225673879099e-01       1.090103664293e+02 
       9.213734086666e-01       8.429847738702e+01 
       1.077628226374e+00       5.882739269425e+01 
       1.326331848559e+00       3.623082808731e+01 
       1.666991488365e+00       2.104754459178e+01 
       2.098565628800e+00       1.207009648603e+01 
       2.641937404249e+00       6.865132213273e+00 
       3.326002134477e+00       3.875424450626e+00 
       4.187188606775e+00       2.172814313187e+00 
       5.271358141044e+00       1.210763221534e+00 
       6.636246718428e+00       6.709459690914e-01 
       8.354539632764e+00       3.698789878017e-01 
       1.051774224753e+01       2.029177567640e-01 
